0.0,0.3333333333333333,0.0,1.0,0.0,1.0,0.0,0.0,0.0,0.0,0.8906
0.0,0.3333333333333333,0.14285714285714285,1.0,0.0,1.0,0.0,0.0,0.0,0.0,0.9
0.0,0.3333333333333333,0.42857142857142855,1.0,0.0,1.0,0.0,0.0,0.0,0.0,0.9094
0.0,0.3333333333333333,1.0,1.0,0.0,1.0,0.0,0.0,0.0,0.0,0.9188
0.0,0.6666666666666666,0.0,1.0,0.0,1.0,0.0,0.0,0.0,0.0,0.8781
0.0,0.6666666666666666,0.14285714285714285,1.0,0.0,1.0,0.0,0.0,0.0,0.0,0.9125
0.0,0.6666666666666666,0.42857142857142855,1.0,0.0,1.0,0.0,0.0,0.0,0.0,0.9188
0.0,0.6666666666666666,1.0,1.0,0.0,1.0,0.0,0.0,0.0,0.0,0.9188
0.0,1.0,0.0,1.0,0.0,1.0,0.0,0.0,0.0,0.0,0.875
0.0,1.0,0.14285714285714285,1.0,0.0,1.0,0.0,0.0,0.0,0.0,0.8938
0.0,1.0,0.42857142857142855,1.0,0.0,1.0,0.0,0.0,0.0,0.0,0.8906
0.0,1.0,1.0,1.0,0.0,1.0,0.0,0.0,0.0,0.0,0.9125
1.0,0.3333333333333333,0.0,1.0,0.0,1.0,0.0,0.0,0.0,0.0,0.75
1.0,0.3333333333333333,0.14285714285714285,1.0,0.0,1.0,0.0,0.0,0.0,0.0,0.8188
1.0,0.3333333333333333,0.42857142857142855,1.0,0.0,1.0,0.0,0.0,0.0,0.0,0.8844
1.0,0.3333333333333333,1.0,1.0,0.0,1.0,0.0,0.0,0.0,0.0,0.9
1.0,0.6666666666666666,0.0,1.0,0.0,1.0,0.0,0.0,0.0,0.0,0.75
1.0,0.6666666666666666,0.14285714285714285,1.0,0.0,1.0,0.0,0.0,0.0,0.0,0.8375
1.0,0.6666666666666666,0.42857142857142855,1.0,0.0,1.0,0.0,0.0,0.0,0.0,0.8938
1.0,0.6666666666666666,1.0,1.0,0.0,1.0,0.0,0.0,0.0,0.0,0.9062
1.0,1.0,0.0,1.0,0.0,1.0,0.0,0.0,0.0,0.0,0.75
1.0,1.0,0.14285714285714285,1.0,0.0,1.0,0.0,0.0,0.0,0.0,0.75
1.0,1.0,0.42857142857142855,1.0,0.0,1.0,0.0,0.0,0.0,0.0,0.8344
1.0,1.0,1.0,1.0,0.0,1.0,0.0,0.0,0.0,0.0,0.8906
0.0,0.3333333333333333,0.0,1.0,0.0,0.0,1.0,0.0,0.0,0.0,0.9031
0.0,0.3333333333333333,0.14285714285714285,1.0,0.0,0.0,1.0,0.0,0.0,0.0,0.9062
0.0,0.3333333333333333,0.42857142857142855,1.0,0.0,0.0,1.0,0.0,0.0,0.0,0.9344
0.0,0.3333333333333333,1.0,1.0,0.0,0.0,1.0,0.0,0.0,0.0,0.9156
0.0,0.6666666666666666,0.0,1.0,0.0,0.0,1.0,0.0,0.0,0.0,0.9062
0.0,0.6666666666666666,0.14285714285714285,1.0,0.0,0.0,1.0,0.0,0.0,0.0,0.925
0.0,0.6666666666666666,0.42857142857142855,1.0,0.0,0.0,1.0,0.0,0.0,0.0,0.9219
0.0,0.6666666666666666,1.0,1.0,0.0,0.0,1.0,0.0,0.0,0.0,0.925
0.0,1.0,0.0,1.0,0.0,0.0,1.0,0.0,0.0,0.0,0.925
0.0,1.0,0.14285714285714285,1.0,0.0,0.0,1.0,0.0,0.0,0.0,0.9156
0.0,1.0,0.42857142857142855,1.0,0.0,0.0,1.0,0.0,0.0,0.0,0.925
0.0,1.0,1.0,1.0,0.0,0.0,1.0,0.0,0.0,0.0,0.9312
1.0,0.3333333333333333,0.0,1.0,0.0,0.0,1.0,0.0,0.0,0.0,0.75
1.0,0.3333333333333333,0.14285714285714285,1.0,0.0,0.0,1.0,0.0,0.0,0.0,0.8219
1.0,0.3333333333333333,0.42857142857142855,1.0,0.0,0.0,1.0,0.0,0.0,0.0,0.9062
1.0,0.3333333333333333,1.0,1.0,0.0,0.0,1.0,0.0,0.0,0.0,0.9
1.0,0.6666666666666666,0.0,1.0,0.0,0.0,1.0,0.0,0.0,0.0,0.7531
1.0,0.6666666666666666,0.14285714285714285,1.0,0.0,0.0,1.0,0.0,0.0,0.0,0.7906
1.0,0.6666666666666666,0.42857142857142855,1.0,0.0,0.0,1.0,0.0,0.0,0.0,0.9062
1.0,0.6666666666666666,1.0,1.0,0.0,0.0,1.0,0.0,0.0,0.0,0.9281
1.0,1.0,0.0,1.0,0.0,0.0,1.0,0.0,0.0,0.0,0.75
1.0,1.0,0.14285714285714285,1.0,0.0,0.0,1.0,0.0,0.0,0.0,0.8469
1.0,1.0,0.42857142857142855,1.0,0.0,0.0,1.0,0.0,0.0,0.0,0.8344
1.0,1.0,1.0,1.0,0.0,0.0,1.0,0.0,0.0,0.0,0.875
0.0,0.3333333333333333,0.0,1.0,0.0,0.0,0.0,1.0,0.0,0.0,0.9031
0.0,0.3333333333333333,0.14285714285714285,1.0,0.0,0.0,0.0,1.0,0.0,0.0,0.9219
0.0,0.3333333333333333,0.42857142857142855,1.0,0.0,0.0,0.0,1.0,0.0,0.0,0.925
0.0,0.3333333333333333,1.0,1.0,0.0,0.0,0.0,1.0,0.0,0.0,0.9281
0.0,0.6666666666666666,0.0,1.0,0.0,0.0,0.0,1.0,0.0,0.0,0.925
0.0,0.6666666666666666,0.14285714285714285,1.0,0.0,0.0,0.0,1.0,0.0,0.0,0.9281
0.0,0.6666666666666666,0.42857142857142855,1.0,0.0,0.0,0.0,1.0,0.0,0.0,0.9312
0.0,0.6666666666666666,1.0,1.0,0.0,0.0,0.0,1.0,0.0,0.0,0.9281
0.0,1.0,0.0,1.0,0.0,0.0,0.0,1.0,0.0,0.0,0.9
0.0,1.0,0.14285714285714285,1.0,0.0,0.0,0.0,1.0,0.0,0.0,0.9312
0.0,1.0,0.42857142857142855,1.0,0.0,0.0,0.0,1.0,0.0,0.0,0.9219
0.0,1.0,1.0,1.0,0.0,0.0,0.0,1.0,0.0,0.0,0.9281
1.0,0.3333333333333333,0.0,1.0,0.0,0.0,0.0,1.0,0.0,0.0,0.75
1.0,0.3333333333333333,0.14285714285714285,1.0,0.0,0.0,0.0,1.0,0.0,0.0,0.85
1.0,0.3333333333333333,0.42857142857142855,1.0,0.0,0.0,0.0,1.0,0.0,0.0,0.9031
1.0,0.3333333333333333,1.0,1.0,0.0,0.0,0.0,1.0,0.0,0.0,0.9094
1.0,0.6666666666666666,0.0,1.0,0.0,0.0,0.0,1.0,0.0,0.0,0.7625
1.0,0.6666666666666666,0.14285714285714285,1.0,0.0,0.0,0.0,1.0,0.0,0.0,0.8344
1.0,0.6666666666666666,0.42857142857142855,1.0,0.0,0.0,0.0,1.0,0.0,0.0,0.8969
1.0,0.6666666666666666,1.0,1.0,0.0,0.0,0.0,1.0,0.0,0.0,0.9219
1.0,1.0,0.0,1.0,0.0,0.0,0.0,1.0,0.0,0.0,0.75
1.0,1.0,0.14285714285714285,1.0,0.0,0.0,0.0,1.0,0.0,0.0,0.7875
1.0,1.0,0.42857142857142855,1.0,0.0,0.0,0.0,1.0,0.0,0.0,0.9125
1.0,1.0,1.0,1.0,0.0,0.0,0.0,1.0,0.0,0.0,0.9125
0.0,0.0,0.0,1.0,0.0,0.0,0.0,0.0,1.0,0.0,0.8812
0.0,0.0,0.14285714285714285,1.0,0.0,0.0,0.0,0.0,1.0,0.0,0.8844
0.0,0.0,0.42857142857142855,1.0,0.0,0.0,0.0,0.0,1.0,0.0,0.9
0.0,0.0,1.0,1.0,0.0,0.0,0.0,0.0,1.0,0.0,0.9094
0.0,0.3333333333333333,0.0,1.0,0.0,0.0,0.0,0.0,1.0,0.0,0.9031
0.0,0.3333333333333333,0.14285714285714285,1.0,0.0,0.0,0.0,0.0,1.0,0.0,0.9062
0.0,0.3333333333333333,0.42857142857142855,1.0,0.0,0.0,0.0,0.0,1.0,0.0,0.9219
0.0,0.3333333333333333,1.0,1.0,0.0,0.0,0.0,0.0,1.0,0.0,0.9312
0.0,0.6666666666666666,0.0,1.0,0.0,0.0,0.0,0.0,1.0,0.0,0.8938
0.0,0.6666666666666666,0.14285714285714285,1.0,0.0,0.0,0.0,0.0,1.0,0.0,0.8938
0.0,0.6666666666666666,0.42857142857142855,1.0,0.0,0.0,0.0,0.0,1.0,0.0,0.9156
0.0,0.6666666666666666,1.0,1.0,0.0,0.0,0.0,0.0,1.0,0.0,0.925
0.0,1.0,0.0,1.0,0.0,0.0,0.0,0.0,1.0,0.0,0.8219
0.0,1.0,0.14285714285714285,1.0,0.0,0.0,0.0,0.0,1.0,0.0,0.8812
0.0,1.0,0.42857142857142855,1.0,0.0,0.0,0.0,0.0,1.0,0.0,0.8969
0.0,1.0,1.0,1.0,0.0,0.0,0.0,0.0,1.0,0.0,0.9188
1.0,0.0,0.0,1.0,0.0,0.0,0.0,0.0,1.0,0.0,0.75
1.0,0.0,0.14285714285714285,1.0,0.0,0.0,0.0,0.0,1.0,0.0,0.8594
1.0,0.0,0.42857142857142855,1.0,0.0,0.0,0.0,0.0,1.0,0.0,0.8969
1.0,0.0,1.0,1.0,0.0,0.0,0.0,0.0,1.0,0.0,0.8906
1.0,0.3333333333333333,0.0,1.0,0.0,0.0,0.0,0.0,1.0,0.0,0.75
1.0,0.3333333333333333,0.14285714285714285,1.0,0.0,0.0,0.0,0.0,1.0,0.0,0.75
1.0,0.3333333333333333,0.42857142857142855,1.0,0.0,0.0,0.0,0.0,1.0,0.0,0.8438
1.0,0.3333333333333333,1.0,1.0,0.0,0.0,0.0,0.0,1.0,0.0,0.9
1.0,0.6666666666666666,0.0,1.0,0.0,0.0,0.0,0.0,1.0,0.0,0.75
1.0,0.6666666666666666,0.14285714285714285,1.0,0.0,0.0,0.0,0.0,1.0,0.0,0.7562
1.0,0.6666666666666666,0.42857142857142855,1.0,0.0,0.0,0.0,0.0,1.0,0.0,0.7562
1.0,0.6666666666666666,1.0,1.0,0.0,0.0,0.0,0.0,1.0,0.0,0.8406
1.0,1.0,0.0,1.0,0.0,0.0,0.0,0.0,1.0,0.0,0.75
1.0,1.0,0.14285714285714285,1.0,0.0,0.0,0.0,0.0,1.0,0.0,0.75
1.0,1.0,0.42857142857142855,1.0,0.0,0.0,0.0,0.0,1.0,0.0,0.75
1.0,1.0,1.0,1.0,0.0,0.0,0.0,0.0,1.0,0.0,0.8406
0.0,0.3333333333333333,0.0,1.0,0.0,0.0,0.0,0.0,0.0,1.0,0.8531
0.0,0.3333333333333333,0.14285714285714285,1.0,0.0,0.0,0.0,0.0,0.0,1.0,0.8938
0.0,0.3333333333333333,0.42857142857142855,1.0,0.0,0.0,0.0,0.0,0.0,1.0,0.9094
0.0,0.3333333333333333,1.0,1.0,0.0,0.0,0.0,0.0,0.0,1.0,0.9188
0.0,0.6666666666666666,0.0,1.0,0.0,0.0,0.0,0.0,0.0,1.0,0.8906
0.0,0.6666666666666666,0.14285714285714285,1.0,0.0,0.0,0.0,0.0,0.0,1.0,0.8938
0.0,0.6666666666666666,0.42857142857142855,1.0,0.0,0.0,0.0,0.0,0.0,1.0,0.9094
0.0,0.6666666666666666,1.0,1.0,0.0,0.0,0.0,0.0,0.0,1.0,0.9281
0.0,1.0,0.0,1.0,0.0,0.0,0.0,0.0,0.0,1.0,0.9
0.0,1.0,0.14285714285714285,1.0,0.0,0.0,0.0,0.0,0.0,1.0,0.9031
0.0,1.0,0.42857142857142855,1.0,0.0,0.0,0.0,0.0,0.0,1.0,0.8938
0.0,1.0,1.0,1.0,0.0,0.0,0.0,0.0,0.0,1.0,0.9125
1.0,0.3333333333333333,0.0,1.0,0.0,0.0,0.0,0.0,0.0,1.0,0.75
1.0,0.3333333333333333,0.14285714285714285,1.0,0.0,0.0,0.0,0.0,0.0,1.0,0.75
1.0,0.3333333333333333,0.42857142857142855,1.0,0.0,0.0,0.0,0.0,0.0,1.0,0.875
1.0,0.3333333333333333,1.0,1.0,0.0,0.0,0.0,0.0,0.0,1.0,0.9
1.0,0.6666666666666666,0.0,1.0,0.0,0.0,0.0,0.0,0.0,1.0,0.75
1.0,0.6666666666666666,0.14285714285714285,1.0,0.0,0.0,0.0,0.0,0.0,1.0,0.7562
1.0,0.6666666666666666,0.42857142857142855,1.0,0.0,0.0,0.0,0.0,0.0,1.0,0.8281
1.0,0.6666666666666666,1.0,1.0,0.0,0.0,0.0,0.0,0.0,1.0,0.9062
1.0,1.0,0.0,1.0,0.0,0.0,0.0,0.0,0.0,1.0,0.75
1.0,1.0,0.14285714285714285,1.0,0.0,0.0,0.0,0.0,0.0,1.0,0.75
1.0,1.0,0.42857142857142855,1.0,0.0,0.0,0.0,0.0,0.0,1.0,0.7906
1.0,1.0,1.0,1.0,0.0,0.0,0.0,0.0,0.0,1.0,0.8906
0.0,0.3333333333333333,0.0,0.0,1.0,1.0,0.0,0.0,0.0,0.0,0.9
0.0,0.3333333333333333,0.14285714285714285,0.0,1.0,1.0,0.0,0.0,0.0,0.0,0.9
0.0,0.3333333333333333,0.42857142857142855,0.0,1.0,1.0,0.0,0.0,0.0,0.0,0.925
0.0,0.3333333333333333,1.0,0.0,1.0,1.0,0.0,0.0,0.0,0.0,0.9312
0.0,0.6666666666666666,0.0,0.0,1.0,1.0,0.0,0.0,0.0,0.0,0.9062
0.0,0.6666666666666666,0.14285714285714285,0.0,1.0,1.0,0.0,0.0,0.0,0.0,0.9375
0.0,0.6666666666666666,0.42857142857142855,0.0,1.0,1.0,0.0,0.0,0.0,0.0,0.9312
0.0,0.6666666666666666,1.0,0.0,1.0,1.0,0.0,0.0,0.0,0.0,0.9438
0.0,1.0,0.0,0.0,1.0,1.0,0.0,0.0,0.0,0.0,0.9125
0.0,1.0,0.14285714285714285,0.0,1.0,1.0,0.0,0.0,0.0,0.0,0.9281
0.0,1.0,0.42857142857142855,0.0,1.0,1.0,0.0,0.0,0.0,0.0,0.8906
0.0,1.0,1.0,0.0,1.0,1.0,0.0,0.0,0.0,0.0,0.8781
1.0,0.3333333333333333,0.0,0.0,1.0,1.0,0.0,0.0,0.0,0.0,0.8531
1.0,0.3333333333333333,0.14285714285714285,0.0,1.0,1.0,0.0,0.0,0.0,0.0,0.8688
1.0,0.3333333333333333,0.42857142857142855,0.0,1.0,1.0,0.0,0.0,0.0,0.0,0.875
1.0,0.3333333333333333,1.0,0.0,1.0,1.0,0.0,0.0,0.0,0.0,0.8875
1.0,0.6666666666666666,0.0,0.0,1.0,1.0,0.0,0.0,0.0,0.0,0.8531
1.0,0.6666666666666666,0.14285714285714285,0.0,1.0,1.0,0.0,0.0,0.0,0.0,0.8781
1.0,0.6666666666666666,0.42857142857142855,0.0,1.0,1.0,0.0,0.0,0.0,0.0,0.8594
1.0,0.6666666666666666,1.0,0.0,1.0,1.0,0.0,0.0,0.0,0.0,0.875
1.0,1.0,0.0,0.0,1.0,1.0,0.0,0.0,0.0,0.0,0.85
1.0,1.0,0.14285714285714285,0.0,1.0,1.0,0.0,0.0,0.0,0.0,0.8625
1.0,1.0,0.42857142857142855,0.0,1.0,1.0,0.0,0.0,0.0,0.0,0.8219
1.0,1.0,1.0,0.0,1.0,1.0,0.0,0.0,0.0,0.0,0.8719
0.0,0.3333333333333333,0.0,0.0,1.0,0.0,1.0,0.0,0.0,0.0,0.8906
0.0,0.3333333333333333,0.14285714285714285,0.0,1.0,0.0,1.0,0.0,0.0,0.0,0.9062
0.0,0.3333333333333333,0.42857142857142855,0.0,1.0,0.0,1.0,0.0,0.0,0.0,0.9312
0.0,0.3333333333333333,1.0,0.0,1.0,0.0,1.0,0.0,0.0,0.0,0.9438
0.0,0.6666666666666666,0.0,0.0,1.0,0.0,1.0,0.0,0.0,0.0,0.9125
0.0,0.6666666666666666,0.14285714285714285,0.0,1.0,0.0,1.0,0.0,0.0,0.0,0.9406
0.0,0.6666666666666666,0.42857142857142855,0.0,1.0,0.0,1.0,0.0,0.0,0.0,0.9312
0.0,0.6666666666666666,1.0,0.0,1.0,0.0,1.0,0.0,0.0,0.0,0.9219
0.0,1.0,0.0,0.0,1.0,0.0,1.0,0.0,0.0,0.0,0.9219
0.0,1.0,0.14285714285714285,0.0,1.0,0.0,1.0,0.0,0.0,0.0,0.9312
0.0,1.0,0.42857142857142855,0.0,1.0,0.0,1.0,0.0,0.0,0.0,0.925
0.0,1.0,1.0,0.0,1.0,0.0,1.0,0.0,0.0,0.0,0.9312
1.0,0.3333333333333333,0.0,0.0,1.0,0.0,1.0,0.0,0.0,0.0,0.8406
1.0,0.3333333333333333,0.14285714285714285,0.0,1.0,0.0,1.0,0.0,0.0,0.0,0.8656
1.0,0.3333333333333333,0.42857142857142855,0.0,1.0,0.0,1.0,0.0,0.0,0.0,0.8781
1.0,0.3333333333333333,1.0,0.0,1.0,0.0,1.0,0.0,0.0,0.0,0.8781
1.0,0.6666666666666666,0.0,0.0,1.0,0.0,1.0,0.0,0.0,0.0,0.8406
1.0,0.6666666666666666,0.14285714285714285,0.0,1.0,0.0,1.0,0.0,0.0,0.0,0.8719
1.0,0.6666666666666666,0.42857142857142855,0.0,1.0,0.0,1.0,0.0,0.0,0.0,0.875
1.0,0.6666666666666666,1.0,0.0,1.0,0.0,1.0,0.0,0.0,0.0,0.8906
1.0,1.0,0.0,0.0,1.0,0.0,1.0,0.0,0.0,0.0,0.8062
1.0,1.0,0.14285714285714285,0.0,1.0,0.0,1.0,0.0,0.0,0.0,0.8188
1.0,1.0,0.42857142857142855,0.0,1.0,0.0,1.0,0.0,0.0,0.0,0.8844
1.0,1.0,1.0,0.0,1.0,0.0,1.0,0.0,0.0,0.0,0.8969
0.0,0.3333333333333333,0.0,0.0,1.0,0.0,0.0,1.0,0.0,0.0,0.8969
0.0,0.3333333333333333,0.14285714285714285,0.0,1.0,0.0,0.0,1.0,0.0,0.0,0.9188
0.0,0.3333333333333333,0.42857142857142855,0.0,1.0,0.0,0.0,1.0,0.0,0.0,0.9406
0.0,0.3333333333333333,1.0,0.0,1.0,0.0,0.0,1.0,0.0,0.0,0.9469
0.0,0.6666666666666666,0.0,0.0,1.0,0.0,0.0,1.0,0.0,0.0,0.9344
0.0,0.6666666666666666,0.14285714285714285,0.0,1.0,0.0,0.0,1.0,0.0,0.0,0.9438
0.0,0.6666666666666666,0.42857142857142855,0.0,1.0,0.0,0.0,1.0,0.0,0.0,0.9281
0.0,0.6666666666666666,1.0,0.0,1.0,0.0,0.0,1.0,0.0,0.0,0.925
0.0,1.0,0.0,0.0,1.0,0.0,0.0,1.0,0.0,0.0,0.9281
0.0,1.0,0.14285714285714285,0.0,1.0,0.0,0.0,1.0,0.0,0.0,0.9375
0.0,1.0,0.42857142857142855,0.0,1.0,0.0,0.0,1.0,0.0,0.0,0.9375
0.0,1.0,1.0,0.0,1.0,0.0,0.0,1.0,0.0,0.0,0.9312
1.0,0.3333333333333333,0.0,0.0,1.0,0.0,0.0,1.0,0.0,0.0,0.8531
1.0,0.3333333333333333,0.14285714285714285,0.0,1.0,0.0,0.0,1.0,0.0,0.0,0.8719
1.0,0.3333333333333333,0.42857142857142855,0.0,1.0,0.0,0.0,1.0,0.0,0.0,0.8688
1.0,0.3333333333333333,1.0,0.0,1.0,0.0,0.0,1.0,0.0,0.0,0.8906
1.0,0.6666666666666666,0.0,0.0,1.0,0.0,0.0,1.0,0.0,0.0,0.8156
1.0,0.6666666666666666,0.14285714285714285,0.0,1.0,0.0,0.0,1.0,0.0,0.0,0.8688
1.0,0.6666666666666666,0.42857142857142855,0.0,1.0,0.0,0.0,1.0,0.0,0.0,0.8906
1.0,0.6666666666666666,1.0,0.0,1.0,0.0,0.0,1.0,0.0,0.0,0.8969
1.0,1.0,0.0,0.0,1.0,0.0,0.0,1.0,0.0,0.0,0.7906
1.0,1.0,0.14285714285714285,0.0,1.0,0.0,0.0,1.0,0.0,0.0,0.8281
1.0,1.0,0.42857142857142855,0.0,1.0,0.0,0.0,1.0,0.0,0.0,0.9031
1.0,1.0,1.0,0.0,1.0,0.0,0.0,1.0,0.0,0.0,0.8875
0.0,0.0,0.0,0.0,1.0,0.0,0.0,0.0,1.0,0.0,0.8719
0.0,0.0,0.14285714285714285,0.0,1.0,0.0,0.0,0.0,1.0,0.0,0.8812
0.0,0.0,0.42857142857142855,0.0,1.0,0.0,0.0,0.0,1.0,0.0,0.8781
0.0,0.0,1.0,0.0,1.0,0.0,0.0,0.0,1.0,0.0,0.8969
0.0,0.3333333333333333,0.0,0.0,1.0,0.0,0.0,0.0,1.0,0.0,0.8938
0.0,0.3333333333333333,0.14285714285714285,0.0,1.0,0.0,0.0,0.0,1.0,0.0,0.9031
0.0,0.3333333333333333,0.42857142857142855,0.0,1.0,0.0,0.0,0.0,1.0,0.0,0.9219
0.0,0.3333333333333333,1.0,0.0,1.0,0.0,0.0,0.0,1.0,0.0,0.925
0.0,0.6666666666666666,0.0,0.0,1.0,0.0,0.0,0.0,1.0,0.0,0.8812
0.0,0.6666666666666666,0.14285714285714285,0.0,1.0,0.0,0.0,0.0,1.0,0.0,0.8906
0.0,0.6666666666666666,0.42857142857142855,0.0,1.0,0.0,0.0,0.0,1.0,0.0,0.925
0.0,0.6666666666666666,1.0,0.0,1.0,0.0,0.0,0.0,1.0,0.0,0.9281
0.0,1.0,0.0,0.0,1.0,0.0,0.0,0.0,1.0,0.0,0.9094
0.0,1.0,0.14285714285714285,0.0,1.0,0.0,0.0,0.0,1.0,0.0,0.8906
0.0,1.0,0.42857142857142855,0.0,1.0,0.0,0.0,0.0,1.0,0.0,0.9375
0.0,1.0,1.0,0.0,1.0,0.0,0.0,0.0,1.0,0.0,0.9156
1.0,0.0,0.0,0.0,1.0,0.0,0.0,0.0,1.0,0.0,0.8688
1.0,0.0,0.14285714285714285,0.0,1.0,0.0,0.0,0.0,1.0,0.0,0.875
1.0,0.0,0.42857142857142855,0.0,1.0,0.0,0.0,0.0,1.0,0.0,0.8719
1.0,0.0,1.0,0.0,1.0,0.0,0.0,0.0,1.0,0.0,0.8781
1.0,0.3333333333333333,0.0,0.0,1.0,0.0,0.0,0.0,1.0,0.0,0.8188
1.0,0.3333333333333333,0.14285714285714285,0.0,1.0,0.0,0.0,0.0,1.0,0.0,0.8562
1.0,0.3333333333333333,0.42857142857142855,0.0,1.0,0.0,0.0,0.0,1.0,0.0,0.8719
1.0,0.3333333333333333,1.0,0.0,1.0,0.0,0.0,0.0,1.0,0.0,0.8781
1.0,0.6666666666666666,0.0,0.0,1.0,0.0,0.0,0.0,1.0,0.0,0.75
1.0,0.6666666666666666,0.14285714285714285,0.0,1.0,0.0,0.0,0.0,1.0,0.0,0.8031
1.0,0.6666666666666666,0.42857142857142855,0.0,1.0,0.0,0.0,0.0,1.0,0.0,0.8656
1.0,0.6666666666666666,1.0,0.0,1.0,0.0,0.0,0.0,1.0,0.0,0.8781
1.0,1.0,0.0,0.0,1.0,0.0,0.0,0.0,1.0,0.0,0.75
1.0,1.0,0.14285714285714285,0.0,1.0,0.0,0.0,0.0,1.0,0.0,0.75
1.0,1.0,0.42857142857142855,0.0,1.0,0.0,0.0,0.0,1.0,0.0,0.7875
1.0,1.0,1.0,0.0,1.0,0.0,0.0,0.0,1.0,0.0,0.8719
0.0,0.3333333333333333,0.0,0.0,1.0,0.0,0.0,0.0,0.0,1.0,0.8844
0.0,0.3333333333333333,0.14285714285714285,0.0,1.0,0.0,0.0,0.0,0.0,1.0,0.9125
0.0,0.3333333333333333,0.42857142857142855,0.0,1.0,0.0,0.0,0.0,0.0,1.0,0.9125
0.0,0.3333333333333333,1.0,0.0,1.0,0.0,0.0,0.0,0.0,1.0,0.925
0.0,0.6666666666666666,0.0,0.0,1.0,0.0,0.0,0.0,0.0,1.0,0.8875
0.0,0.6666666666666666,0.14285714285714285,0.0,1.0,0.0,0.0,0.0,0.0,1.0,0.9062
0.0,0.6666666666666666,0.42857142857142855,0.0,1.0,0.0,0.0,0.0,0.0,1.0,0.9312
0.0,0.6666666666666666,1.0,0.0,1.0,0.0,0.0,0.0,0.0,1.0,0.9375
0.0,1.0,0.0,0.0,1.0,0.0,0.0,0.0,0.0,1.0,0.9094
0.0,1.0,0.14285714285714285,0.0,1.0,0.0,0.0,0.0,0.0,1.0,0.9094
0.0,1.0,0.42857142857142855,0.0,1.0,0.0,0.0,0.0,0.0,1.0,0.9
0.0,1.0,1.0,0.0,1.0,0.0,0.0,0.0,0.0,1.0,0.925
1.0,0.3333333333333333,0.0,0.0,1.0,0.0,0.0,0.0,0.0,1.0,0.8188
1.0,0.3333333333333333,0.14285714285714285,0.0,1.0,0.0,0.0,0.0,0.0,1.0,0.8688
1.0,0.3333333333333333,0.42857142857142855,0.0,1.0,0.0,0.0,0.0,0.0,1.0,0.8719
1.0,0.3333333333333333,1.0,0.0,1.0,0.0,0.0,0.0,0.0,1.0,0.8812
1.0,0.6666666666666666,0.0,0.0,1.0,0.0,0.0,0.0,0.0,1.0,0.7719
1.0,0.6666666666666666,0.14285714285714285,0.0,1.0,0.0,0.0,0.0,0.0,1.0,0.8406
1.0,0.6666666666666666,0.42857142857142855,0.0,1.0,0.0,0.0,0.0,0.0,1.0,0.875
1.0,0.6666666666666666,1.0,0.0,1.0,0.0,0.0,0.0,0.0,1.0,0.8875
1.0,1.0,0.0,0.0,1.0,0.0,0.0,0.0,0.0,1.0,0.75
1.0,1.0,0.14285714285714285,0.0,1.0,0.0,0.0,0.0,0.0,1.0,0.7938
1.0,1.0,0.42857142857142855,0.0,1.0,0.0,0.0,0.0,0.0,1.0,0.825
1.0,1.0,1.0,0.0,1.0,0.0,0.0,0.0,0.0,1.0,0.8781
