0.0,0.3333333333333333,0.0,1.0,0.0,1.0,0.0,0.0,0.0,0.0,0.9738
0.0,0.3333333333333333,0.14285714285714285,1.0,0.0,1.0,0.0,0.0,0.0,0.0,0.98
0.0,0.3333333333333333,0.42857142857142855,1.0,0.0,1.0,0.0,0.0,0.0,0.0,0.9825
0.0,0.3333333333333333,1.0,1.0,0.0,1.0,0.0,0.0,0.0,0.0,0.9838
0.0,0.6666666666666666,0.0,1.0,0.0,1.0,0.0,0.0,0.0,0.0,0.9725
0.0,0.6666666666666666,0.14285714285714285,1.0,0.0,1.0,0.0,0.0,0.0,0.0,0.9775
0.0,0.6666666666666666,0.42857142857142855,1.0,0.0,1.0,0.0,0.0,0.0,0.0,0.9775
0.0,0.6666666666666666,1.0,1.0,0.0,1.0,0.0,0.0,0.0,0.0,0.9825
0.0,1.0,0.0,1.0,0.0,1.0,0.0,0.0,0.0,0.0,0.97
0.0,1.0,0.14285714285714285,1.0,0.0,1.0,0.0,0.0,0.0,0.0,0.9812
0.0,1.0,0.42857142857142855,1.0,0.0,1.0,0.0,0.0,0.0,0.0,0.9825
0.0,1.0,1.0,1.0,0.0,1.0,0.0,0.0,0.0,0.0,0.98
1.0,0.3333333333333333,0.0,1.0,0.0,1.0,0.0,0.0,0.0,0.0,0.925
1.0,0.3333333333333333,0.14285714285714285,1.0,0.0,1.0,0.0,0.0,0.0,0.0,0.9475
1.0,0.3333333333333333,0.42857142857142855,1.0,0.0,1.0,0.0,0.0,0.0,0.0,0.9688
1.0,0.3333333333333333,1.0,1.0,0.0,1.0,0.0,0.0,0.0,0.0,0.9788
1.0,0.6666666666666666,0.0,1.0,0.0,1.0,0.0,0.0,0.0,0.0,0.92
1.0,0.6666666666666666,0.14285714285714285,1.0,0.0,1.0,0.0,0.0,0.0,0.0,0.9375
1.0,0.6666666666666666,0.42857142857142855,1.0,0.0,1.0,0.0,0.0,0.0,0.0,0.9725
1.0,0.6666666666666666,1.0,1.0,0.0,1.0,0.0,0.0,0.0,0.0,0.98
1.0,1.0,0.0,1.0,0.0,1.0,0.0,0.0,0.0,0.0,0.9138
1.0,1.0,0.14285714285714285,1.0,0.0,1.0,0.0,0.0,0.0,0.0,0.9225
1.0,1.0,0.42857142857142855,1.0,0.0,1.0,0.0,0.0,0.0,0.0,0.9512
1.0,1.0,1.0,1.0,0.0,1.0,0.0,0.0,0.0,0.0,0.965
0.0,0.3333333333333333,0.0,1.0,0.0,0.0,1.0,0.0,0.0,0.0,0.9688
0.0,0.3333333333333333,0.14285714285714285,1.0,0.0,0.0,1.0,0.0,0.0,0.0,0.9788
0.0,0.3333333333333333,0.42857142857142855,1.0,0.0,0.0,1.0,0.0,0.0,0.0,0.9838
0.0,0.3333333333333333,1.0,1.0,0.0,0.0,1.0,0.0,0.0,0.0,0.9812
0.0,0.6666666666666666,0.0,1.0,0.0,0.0,1.0,0.0,0.0,0.0,0.9762
0.0,0.6666666666666666,0.14285714285714285,1.0,0.0,0.0,1.0,0.0,0.0,0.0,0.9825
0.0,0.6666666666666666,0.42857142857142855,1.0,0.0,0.0,1.0,0.0,0.0,0.0,0.9838
0.0,0.6666666666666666,1.0,1.0,0.0,0.0,1.0,0.0,0.0,0.0,0.9812
0.0,1.0,0.0,1.0,0.0,0.0,1.0,0.0,0.0,0.0,0.9775
0.0,1.0,0.14285714285714285,1.0,0.0,0.0,1.0,0.0,0.0,0.0,0.9838
0.0,1.0,0.42857142857142855,1.0,0.0,0.0,1.0,0.0,0.0,0.0,0.985
0.0,1.0,1.0,1.0,0.0,0.0,1.0,0.0,0.0,0.0,0.9838
1.0,0.3333333333333333,0.0,1.0,0.0,0.0,1.0,0.0,0.0,0.0,0.9175
1.0,0.3333333333333333,0.14285714285714285,1.0,0.0,0.0,1.0,0.0,0.0,0.0,0.9475
1.0,0.3333333333333333,0.42857142857142855,1.0,0.0,0.0,1.0,0.0,0.0,0.0,0.9562
1.0,0.3333333333333333,1.0,1.0,0.0,0.0,1.0,0.0,0.0,0.0,0.9775
1.0,0.6666666666666666,0.0,1.0,0.0,0.0,1.0,0.0,0.0,0.0,0.9338
1.0,0.6666666666666666,0.14285714285714285,1.0,0.0,0.0,1.0,0.0,0.0,0.0,0.9338
1.0,0.6666666666666666,0.42857142857142855,1.0,0.0,0.0,1.0,0.0,0.0,0.0,0.9488
1.0,0.6666666666666666,1.0,1.0,0.0,0.0,1.0,0.0,0.0,0.0,0.9738
1.0,1.0,0.0,1.0,0.0,0.0,1.0,0.0,0.0,0.0,0.9125
1.0,1.0,0.14285714285714285,1.0,0.0,0.0,1.0,0.0,0.0,0.0,0.9475
1.0,1.0,0.42857142857142855,1.0,0.0,0.0,1.0,0.0,0.0,0.0,0.95
1.0,1.0,1.0,1.0,0.0,0.0,1.0,0.0,0.0,0.0,0.9588
0.0,0.3333333333333333,0.0,1.0,0.0,0.0,0.0,1.0,0.0,0.0,0.9775
0.0,0.3333333333333333,0.14285714285714285,1.0,0.0,0.0,0.0,1.0,0.0,0.0,0.9838
0.0,0.3333333333333333,0.42857142857142855,1.0,0.0,0.0,0.0,1.0,0.0,0.0,0.9812
0.0,0.3333333333333333,1.0,1.0,0.0,0.0,0.0,1.0,0.0,0.0,0.9788
0.0,0.6666666666666666,0.0,1.0,0.0,0.0,0.0,1.0,0.0,0.0,0.9788
0.0,0.6666666666666666,0.14285714285714285,1.0,0.0,0.0,0.0,1.0,0.0,0.0,0.9825
0.0,0.6666666666666666,0.42857142857142855,1.0,0.0,0.0,0.0,1.0,0.0,0.0,0.9838
0.0,0.6666666666666666,1.0,1.0,0.0,0.0,0.0,1.0,0.0,0.0,0.9825
0.0,1.0,0.0,1.0,0.0,0.0,0.0,1.0,0.0,0.0,0.9638
0.0,1.0,0.14285714285714285,1.0,0.0,0.0,0.0,1.0,0.0,0.0,0.9875
0.0,1.0,0.42857142857142855,1.0,0.0,0.0,0.0,1.0,0.0,0.0,0.9838
0.0,1.0,1.0,1.0,0.0,0.0,0.0,1.0,0.0,0.0,0.9812
1.0,0.3333333333333333,0.0,1.0,0.0,0.0,0.0,1.0,0.0,0.0,0.9238
1.0,0.3333333333333333,0.14285714285714285,1.0,0.0,0.0,0.0,1.0,0.0,0.0,0.95
1.0,0.3333333333333333,0.42857142857142855,1.0,0.0,0.0,0.0,1.0,0.0,0.0,0.9775
1.0,0.3333333333333333,1.0,1.0,0.0,0.0,0.0,1.0,0.0,0.0,0.9825
1.0,0.6666666666666666,0.0,1.0,0.0,0.0,0.0,1.0,0.0,0.0,0.9375
1.0,0.6666666666666666,0.14285714285714285,1.0,0.0,0.0,0.0,1.0,0.0,0.0,0.945
1.0,0.6666666666666666,0.42857142857142855,1.0,0.0,0.0,0.0,1.0,0.0,0.0,0.9725
1.0,0.6666666666666666,1.0,1.0,0.0,0.0,0.0,1.0,0.0,0.0,0.9812
1.0,1.0,0.0,1.0,0.0,0.0,0.0,1.0,0.0,0.0,0.9125
1.0,1.0,0.14285714285714285,1.0,0.0,0.0,0.0,1.0,0.0,0.0,0.955
1.0,1.0,0.42857142857142855,1.0,0.0,0.0,0.0,1.0,0.0,0.0,0.96
1.0,1.0,1.0,1.0,0.0,0.0,0.0,1.0,0.0,0.0,0.9575
0.0,0.0,0.0,1.0,0.0,0.0,0.0,0.0,1.0,0.0,0.9638
0.0,0.0,0.14285714285714285,1.0,0.0,0.0,0.0,0.0,1.0,0.0,0.9812
0.0,0.0,0.42857142857142855,1.0,0.0,0.0,0.0,0.0,1.0,0.0,0.9812
0.0,0.0,1.0,1.0,0.0,0.0,0.0,0.0,1.0,0.0,0.9825
0.0,0.3333333333333333,0.0,1.0,0.0,0.0,0.0,0.0,1.0,0.0,0.955
0.0,0.3333333333333333,0.14285714285714285,1.0,0.0,0.0,0.0,0.0,1.0,0.0,0.9812
0.0,0.3333333333333333,0.42857142857142855,1.0,0.0,0.0,0.0,0.0,1.0,0.0,0.9788
0.0,0.3333333333333333,1.0,1.0,0.0,0.0,0.0,0.0,1.0,0.0,0.9825
0.0,0.6666666666666666,0.0,1.0,0.0,0.0,0.0,0.0,1.0,0.0,0.965
0.0,0.6666666666666666,0.14285714285714285,1.0,0.0,0.0,0.0,0.0,1.0,0.0,0.9775
0.0,0.6666666666666666,0.42857142857142855,1.0,0.0,0.0,0.0,0.0,1.0,0.0,0.9788
0.0,0.6666666666666666,1.0,1.0,0.0,0.0,0.0,0.0,1.0,0.0,0.985
0.0,1.0,0.0,1.0,0.0,0.0,0.0,0.0,1.0,0.0,0.9588
0.0,1.0,0.14285714285714285,1.0,0.0,0.0,0.0,0.0,1.0,0.0,0.975
0.0,1.0,0.42857142857142855,1.0,0.0,0.0,0.0,0.0,1.0,0.0,0.9838
0.0,1.0,1.0,1.0,0.0,0.0,0.0,0.0,1.0,0.0,0.9862
1.0,0.0,0.0,1.0,0.0,0.0,0.0,0.0,1.0,0.0,0.9375
1.0,0.0,0.14285714285714285,1.0,0.0,0.0,0.0,0.0,1.0,0.0,0.9462
1.0,0.0,0.42857142857142855,1.0,0.0,0.0,0.0,0.0,1.0,0.0,0.9738
1.0,0.0,1.0,1.0,0.0,0.0,0.0,0.0,1.0,0.0,0.98
1.0,0.3333333333333333,0.0,1.0,0.0,0.0,0.0,0.0,1.0,0.0,0.9188
1.0,0.3333333333333333,0.14285714285714285,1.0,0.0,0.0,0.0,0.0,1.0,0.0,0.9238
1.0,0.3333333333333333,0.42857142857142855,1.0,0.0,0.0,0.0,0.0,1.0,0.0,0.9488
1.0,0.3333333333333333,1.0,1.0,0.0,0.0,0.0,0.0,1.0,0.0,0.97
1.0,0.6666666666666666,0.0,1.0,0.0,0.0,0.0,0.0,1.0,0.0,0.9125
1.0,0.6666666666666666,0.14285714285714285,1.0,0.0,0.0,0.0,0.0,1.0,0.0,0.9212
1.0,0.6666666666666666,0.42857142857142855,1.0,0.0,0.0,0.0,0.0,1.0,0.0,0.9338
1.0,0.6666666666666666,1.0,1.0,0.0,0.0,0.0,0.0,1.0,0.0,0.955
1.0,1.0,0.0,1.0,0.0,0.0,0.0,0.0,1.0,0.0,0.9125
1.0,1.0,0.14285714285714285,1.0,0.0,0.0,0.0,0.0,1.0,0.0,0.92
1.0,1.0,0.42857142857142855,1.0,0.0,0.0,0.0,0.0,1.0,0.0,0.925
1.0,1.0,1.0,1.0,0.0,0.0,0.0,0.0,1.0,0.0,0.9462
0.0,0.3333333333333333,0.0,1.0,0.0,0.0,0.0,0.0,0.0,1.0,0.9675
0.0,0.3333333333333333,0.14285714285714285,1.0,0.0,0.0,0.0,0.0,0.0,1.0,0.9775
0.0,0.3333333333333333,0.42857142857142855,1.0,0.0,0.0,0.0,0.0,0.0,1.0,0.9825
0.0,0.3333333333333333,1.0,1.0,0.0,0.0,0.0,0.0,0.0,1.0,0.9825
0.0,0.6666666666666666,0.0,1.0,0.0,0.0,0.0,0.0,0.0,1.0,0.97
0.0,0.6666666666666666,0.14285714285714285,1.0,0.0,0.0,0.0,0.0,0.0,1.0,0.9775
0.0,0.6666666666666666,0.42857142857142855,1.0,0.0,0.0,0.0,0.0,0.0,1.0,0.9788
0.0,0.6666666666666666,1.0,1.0,0.0,0.0,0.0,0.0,0.0,1.0,0.9875
0.0,1.0,0.0,1.0,0.0,0.0,0.0,0.0,0.0,1.0,0.9688
0.0,1.0,0.14285714285714285,1.0,0.0,0.0,0.0,0.0,0.0,1.0,0.9812
0.0,1.0,0.42857142857142855,1.0,0.0,0.0,0.0,0.0,0.0,1.0,0.9788
0.0,1.0,1.0,1.0,0.0,0.0,0.0,0.0,0.0,1.0,0.9812
1.0,0.3333333333333333,0.0,1.0,0.0,0.0,0.0,0.0,0.0,1.0,0.9125
1.0,0.3333333333333333,0.14285714285714285,1.0,0.0,0.0,0.0,0.0,0.0,1.0,0.935
1.0,0.3333333333333333,0.42857142857142855,1.0,0.0,0.0,0.0,0.0,0.0,1.0,0.9562
1.0,0.3333333333333333,1.0,1.0,0.0,0.0,0.0,0.0,0.0,1.0,0.9775
1.0,0.6666666666666666,0.0,1.0,0.0,0.0,0.0,0.0,0.0,1.0,0.92
1.0,0.6666666666666666,0.14285714285714285,1.0,0.0,0.0,0.0,0.0,0.0,1.0,0.92
1.0,0.6666666666666666,0.42857142857142855,1.0,0.0,0.0,0.0,0.0,0.0,1.0,0.9488
1.0,0.6666666666666666,1.0,1.0,0.0,0.0,0.0,0.0,0.0,1.0,0.965
1.0,1.0,0.0,1.0,0.0,0.0,0.0,0.0,0.0,1.0,0.9125
1.0,1.0,0.14285714285714285,1.0,0.0,0.0,0.0,0.0,0.0,1.0,0.92
1.0,1.0,0.42857142857142855,1.0,0.0,0.0,0.0,0.0,0.0,1.0,0.9438
1.0,1.0,1.0,1.0,0.0,0.0,0.0,0.0,0.0,1.0,0.95
0.0,0.3333333333333333,0.0,0.0,1.0,1.0,0.0,0.0,0.0,0.0,0.9788
0.0,0.3333333333333333,0.14285714285714285,0.0,1.0,1.0,0.0,0.0,0.0,0.0,0.9775
0.0,0.3333333333333333,0.42857142857142855,0.0,1.0,1.0,0.0,0.0,0.0,0.0,0.9788
0.0,0.3333333333333333,1.0,0.0,1.0,1.0,0.0,0.0,0.0,0.0,0.9762
0.0,0.6666666666666666,0.0,0.0,1.0,1.0,0.0,0.0,0.0,0.0,0.98
0.0,0.6666666666666666,0.14285714285714285,0.0,1.0,1.0,0.0,0.0,0.0,0.0,0.98
0.0,0.6666666666666666,0.42857142857142855,0.0,1.0,1.0,0.0,0.0,0.0,0.0,0.9812
0.0,0.6666666666666666,1.0,0.0,1.0,1.0,0.0,0.0,0.0,0.0,0.98
0.0,1.0,0.0,0.0,1.0,1.0,0.0,0.0,0.0,0.0,0.9762
0.0,1.0,0.14285714285714285,0.0,1.0,1.0,0.0,0.0,0.0,0.0,0.9762
0.0,1.0,0.42857142857142855,0.0,1.0,1.0,0.0,0.0,0.0,0.0,0.9788
0.0,1.0,1.0,0.0,1.0,1.0,0.0,0.0,0.0,0.0,0.9762
1.0,0.3333333333333333,0.0,0.0,1.0,1.0,0.0,0.0,0.0,0.0,0.9538
1.0,0.3333333333333333,0.14285714285714285,0.0,1.0,1.0,0.0,0.0,0.0,0.0,0.9662
1.0,0.3333333333333333,0.42857142857142855,0.0,1.0,1.0,0.0,0.0,0.0,0.0,0.9738
1.0,0.3333333333333333,1.0,0.0,1.0,1.0,0.0,0.0,0.0,0.0,0.9775
1.0,0.6666666666666666,0.0,0.0,1.0,1.0,0.0,0.0,0.0,0.0,0.9525
1.0,0.6666666666666666,0.14285714285714285,0.0,1.0,1.0,0.0,0.0,0.0,0.0,0.9662
1.0,0.6666666666666666,0.42857142857142855,0.0,1.0,1.0,0.0,0.0,0.0,0.0,0.97
1.0,0.6666666666666666,1.0,0.0,1.0,1.0,0.0,0.0,0.0,0.0,0.97
1.0,1.0,0.0,0.0,1.0,1.0,0.0,0.0,0.0,0.0,0.95
1.0,1.0,0.14285714285714285,0.0,1.0,1.0,0.0,0.0,0.0,0.0,0.9488
1.0,1.0,0.42857142857142855,0.0,1.0,1.0,0.0,0.0,0.0,0.0,0.955
1.0,1.0,1.0,0.0,1.0,1.0,0.0,0.0,0.0,0.0,0.9612
0.0,0.3333333333333333,0.0,0.0,1.0,0.0,1.0,0.0,0.0,0.0,0.975
0.0,0.3333333333333333,0.14285714285714285,0.0,1.0,0.0,1.0,0.0,0.0,0.0,0.98
0.0,0.3333333333333333,0.42857142857142855,0.0,1.0,0.0,1.0,0.0,0.0,0.0,0.98
0.0,0.3333333333333333,1.0,0.0,1.0,0.0,1.0,0.0,0.0,0.0,0.975
0.0,0.6666666666666666,0.0,0.0,1.0,0.0,1.0,0.0,0.0,0.0,0.9775
0.0,0.6666666666666666,0.14285714285714285,0.0,1.0,0.0,1.0,0.0,0.0,0.0,0.9825
0.0,0.6666666666666666,0.42857142857142855,0.0,1.0,0.0,1.0,0.0,0.0,0.0,0.9788
0.0,0.6666666666666666,1.0,0.0,1.0,0.0,1.0,0.0,0.0,0.0,0.9788
0.0,1.0,0.0,0.0,1.0,0.0,1.0,0.0,0.0,0.0,0.9762
0.0,1.0,0.14285714285714285,0.0,1.0,0.0,1.0,0.0,0.0,0.0,0.9762
0.0,1.0,0.42857142857142855,0.0,1.0,0.0,1.0,0.0,0.0,0.0,0.9788
0.0,1.0,1.0,0.0,1.0,0.0,1.0,0.0,0.0,0.0,0.9788
1.0,0.3333333333333333,0.0,0.0,1.0,0.0,1.0,0.0,0.0,0.0,0.9488
1.0,0.3333333333333333,0.14285714285714285,0.0,1.0,0.0,1.0,0.0,0.0,0.0,0.9662
1.0,0.3333333333333333,0.42857142857142855,0.0,1.0,0.0,1.0,0.0,0.0,0.0,0.9712
1.0,0.3333333333333333,1.0,0.0,1.0,0.0,1.0,0.0,0.0,0.0,0.9775
1.0,0.6666666666666666,0.0,0.0,1.0,0.0,1.0,0.0,0.0,0.0,0.9462
1.0,0.6666666666666666,0.14285714285714285,0.0,1.0,0.0,1.0,0.0,0.0,0.0,0.9588
1.0,0.6666666666666666,0.42857142857142855,0.0,1.0,0.0,1.0,0.0,0.0,0.0,0.96
1.0,0.6666666666666666,1.0,0.0,1.0,0.0,1.0,0.0,0.0,0.0,0.965
1.0,1.0,0.0,0.0,1.0,0.0,1.0,0.0,0.0,0.0,0.9438
1.0,1.0,0.14285714285714285,0.0,1.0,0.0,1.0,0.0,0.0,0.0,0.945
1.0,1.0,0.42857142857142855,0.0,1.0,0.0,1.0,0.0,0.0,0.0,0.9575
1.0,1.0,1.0,0.0,1.0,0.0,1.0,0.0,0.0,0.0,0.9638
0.0,0.3333333333333333,0.0,0.0,1.0,0.0,0.0,1.0,0.0,0.0,0.9788
0.0,0.3333333333333333,0.14285714285714285,0.0,1.0,0.0,0.0,1.0,0.0,0.0,0.98
0.0,0.3333333333333333,0.42857142857142855,0.0,1.0,0.0,0.0,1.0,0.0,0.0,0.98
0.0,0.3333333333333333,1.0,0.0,1.0,0.0,0.0,1.0,0.0,0.0,0.9775
0.0,0.6666666666666666,0.0,0.0,1.0,0.0,0.0,1.0,0.0,0.0,0.9825
0.0,0.6666666666666666,0.14285714285714285,0.0,1.0,0.0,0.0,1.0,0.0,0.0,0.9788
0.0,0.6666666666666666,0.42857142857142855,0.0,1.0,0.0,0.0,1.0,0.0,0.0,0.98
0.0,0.6666666666666666,1.0,0.0,1.0,0.0,0.0,1.0,0.0,0.0,0.9788
0.0,1.0,0.0,0.0,1.0,0.0,0.0,1.0,0.0,0.0,0.9762
0.0,1.0,0.14285714285714285,0.0,1.0,0.0,0.0,1.0,0.0,0.0,0.9825
0.0,1.0,0.42857142857142855,0.0,1.0,0.0,0.0,1.0,0.0,0.0,0.9812
0.0,1.0,1.0,0.0,1.0,0.0,0.0,1.0,0.0,0.0,0.9738
1.0,0.3333333333333333,0.0,0.0,1.0,0.0,0.0,1.0,0.0,0.0,0.95
1.0,0.3333333333333333,0.14285714285714285,0.0,1.0,0.0,0.0,1.0,0.0,0.0,0.9688
1.0,0.3333333333333333,0.42857142857142855,0.0,1.0,0.0,0.0,1.0,0.0,0.0,0.9762
1.0,0.3333333333333333,1.0,0.0,1.0,0.0,0.0,1.0,0.0,0.0,0.9788
1.0,0.6666666666666666,0.0,0.0,1.0,0.0,0.0,1.0,0.0,0.0,0.95
1.0,0.6666666666666666,0.14285714285714285,0.0,1.0,0.0,0.0,1.0,0.0,0.0,0.9625
1.0,0.6666666666666666,0.42857142857142855,0.0,1.0,0.0,0.0,1.0,0.0,0.0,0.965
1.0,0.6666666666666666,1.0,0.0,1.0,0.0,0.0,1.0,0.0,0.0,0.9775
1.0,1.0,0.0,0.0,1.0,0.0,0.0,1.0,0.0,0.0,0.9462
1.0,1.0,0.14285714285714285,0.0,1.0,0.0,0.0,1.0,0.0,0.0,0.965
1.0,1.0,0.42857142857142855,0.0,1.0,0.0,0.0,1.0,0.0,0.0,0.9338
1.0,1.0,1.0,0.0,1.0,0.0,0.0,1.0,0.0,0.0,0.9662
0.0,0.0,0.0,0.0,1.0,0.0,0.0,0.0,1.0,0.0,0.9688
0.0,0.0,0.14285714285714285,0.0,1.0,0.0,0.0,0.0,1.0,0.0,0.9812
0.0,0.0,0.42857142857142855,0.0,1.0,0.0,0.0,0.0,1.0,0.0,0.9812
0.0,0.0,1.0,0.0,1.0,0.0,0.0,0.0,1.0,0.0,0.98
0.0,0.3333333333333333,0.0,0.0,1.0,0.0,0.0,0.0,1.0,0.0,0.9725
0.0,0.3333333333333333,0.14285714285714285,0.0,1.0,0.0,0.0,0.0,1.0,0.0,0.9812
0.0,0.3333333333333333,0.42857142857142855,0.0,1.0,0.0,0.0,0.0,1.0,0.0,0.9788
0.0,0.3333333333333333,1.0,0.0,1.0,0.0,0.0,0.0,1.0,0.0,0.9775
0.0,0.6666666666666666,0.0,0.0,1.0,0.0,0.0,0.0,1.0,0.0,0.975
0.0,0.6666666666666666,0.14285714285714285,0.0,1.0,0.0,0.0,0.0,1.0,0.0,0.98
0.0,0.6666666666666666,0.42857142857142855,0.0,1.0,0.0,0.0,0.0,1.0,0.0,0.9762
0.0,0.6666666666666666,1.0,0.0,1.0,0.0,0.0,0.0,1.0,0.0,0.9812
0.0,1.0,0.0,0.0,1.0,0.0,0.0,0.0,1.0,0.0,0.9625
0.0,1.0,0.14285714285714285,0.0,1.0,0.0,0.0,0.0,1.0,0.0,0.9775
0.0,1.0,0.42857142857142855,0.0,1.0,0.0,0.0,0.0,1.0,0.0,0.9738
0.0,1.0,1.0,0.0,1.0,0.0,0.0,0.0,1.0,0.0,0.9812
1.0,0.0,0.0,0.0,1.0,0.0,0.0,0.0,1.0,0.0,0.9638
1.0,0.0,0.14285714285714285,0.0,1.0,0.0,0.0,0.0,1.0,0.0,0.97
1.0,0.0,0.42857142857142855,0.0,1.0,0.0,0.0,0.0,1.0,0.0,0.975
1.0,0.0,1.0,0.0,1.0,0.0,0.0,0.0,1.0,0.0,0.98
1.0,0.3333333333333333,0.0,0.0,1.0,0.0,0.0,0.0,1.0,0.0,0.95
1.0,0.3333333333333333,0.14285714285714285,0.0,1.0,0.0,0.0,0.0,1.0,0.0,0.9538
1.0,0.3333333333333333,0.42857142857142855,0.0,1.0,0.0,0.0,0.0,1.0,0.0,0.9662
1.0,0.3333333333333333,1.0,0.0,1.0,0.0,0.0,0.0,1.0,0.0,0.9725
1.0,0.6666666666666666,0.0,0.0,1.0,0.0,0.0,0.0,1.0,0.0,0.9488
1.0,0.6666666666666666,0.14285714285714285,0.0,1.0,0.0,0.0,0.0,1.0,0.0,0.945
1.0,0.6666666666666666,0.42857142857142855,0.0,1.0,0.0,0.0,0.0,1.0,0.0,0.9538
1.0,0.6666666666666666,1.0,0.0,1.0,0.0,0.0,0.0,1.0,0.0,0.9662
1.0,1.0,0.0,0.0,1.0,0.0,0.0,0.0,1.0,0.0,0.9125
1.0,1.0,0.14285714285714285,0.0,1.0,0.0,0.0,0.0,1.0,0.0,0.9425
1.0,1.0,0.42857142857142855,0.0,1.0,0.0,0.0,0.0,1.0,0.0,0.9488
1.0,1.0,1.0,0.0,1.0,0.0,0.0,0.0,1.0,0.0,0.9525
0.0,0.3333333333333333,0.0,0.0,1.0,0.0,0.0,0.0,0.0,1.0,0.9775
0.0,0.3333333333333333,0.14285714285714285,0.0,1.0,0.0,0.0,0.0,0.0,1.0,0.98
0.0,0.3333333333333333,0.42857142857142855,0.0,1.0,0.0,0.0,0.0,0.0,1.0,0.9788
0.0,0.3333333333333333,1.0,0.0,1.0,0.0,0.0,0.0,0.0,1.0,0.975
0.0,0.6666666666666666,0.0,0.0,1.0,0.0,0.0,0.0,0.0,1.0,0.9812
0.0,0.6666666666666666,0.14285714285714285,0.0,1.0,0.0,0.0,0.0,0.0,1.0,0.9788
0.0,0.6666666666666666,0.42857142857142855,0.0,1.0,0.0,0.0,0.0,0.0,1.0,0.9788
0.0,0.6666666666666666,1.0,0.0,1.0,0.0,0.0,0.0,0.0,1.0,0.9788
0.0,1.0,0.0,0.0,1.0,0.0,0.0,0.0,0.0,1.0,0.9762
0.0,1.0,0.14285714285714285,0.0,1.0,0.0,0.0,0.0,0.0,1.0,0.9775
0.0,1.0,0.42857142857142855,0.0,1.0,0.0,0.0,0.0,0.0,1.0,0.9788
0.0,1.0,1.0,0.0,1.0,0.0,0.0,0.0,0.0,1.0,0.9725
1.0,0.3333333333333333,0.0,0.0,1.0,0.0,0.0,0.0,0.0,1.0,0.9488
1.0,0.3333333333333333,0.14285714285714285,0.0,1.0,0.0,0.0,0.0,0.0,1.0,0.9538
1.0,0.3333333333333333,0.42857142857142855,0.0,1.0,0.0,0.0,0.0,0.0,1.0,0.97
1.0,0.3333333333333333,1.0,0.0,1.0,0.0,0.0,0.0,0.0,1.0,0.9725
1.0,0.6666666666666666,0.0,0.0,1.0,0.0,0.0,0.0,0.0,1.0,0.9488
1.0,0.6666666666666666,0.14285714285714285,0.0,1.0,0.0,0.0,0.0,0.0,1.0,0.95
1.0,0.6666666666666666,0.42857142857142855,0.0,1.0,0.0,0.0,0.0,0.0,1.0,0.9625
1.0,0.6666666666666666,1.0,0.0,1.0,0.0,0.0,0.0,0.0,1.0,0.9675
1.0,1.0,0.0,0.0,1.0,0.0,0.0,0.0,0.0,1.0,0.9488
1.0,1.0,0.14285714285714285,0.0,1.0,0.0,0.0,0.0,0.0,1.0,0.9438
1.0,1.0,0.42857142857142855,0.0,1.0,0.0,0.0,0.0,0.0,1.0,0.95
1.0,1.0,1.0,0.0,1.0,0.0,0.0,0.0,0.0,1.0,0.9575
