0.0,0.3333333333333333,0.0,1.0,0.0,1.0,0.0,0.0,0.0,0.0,0.9076
0.0,0.3333333333333333,0.14285714285714285,1.0,0.0,1.0,0.0,0.0,0.0,0.0,0.9198
0.0,0.3333333333333333,0.42857142857142855,1.0,0.0,1.0,0.0,0.0,0.0,0.0,0.9361
0.0,0.3333333333333333,1.0,1.0,0.0,1.0,0.0,0.0,0.0,0.0,0.9321
0.0,0.6666666666666666,0.0,1.0,0.0,1.0,0.0,0.0,0.0,0.0,0.9307
0.0,0.6666666666666666,0.14285714285714285,1.0,0.0,1.0,0.0,0.0,0.0,0.0,0.9117
0.0,0.6666666666666666,0.42857142857142855,1.0,0.0,1.0,0.0,0.0,0.0,0.0,0.9266
0.0,0.6666666666666666,1.0,1.0,0.0,1.0,0.0,0.0,0.0,0.0,0.9076
0.0,1.0,0.0,1.0,0.0,1.0,0.0,0.0,0.0,0.0,0.9144
0.0,1.0,0.14285714285714285,1.0,0.0,1.0,0.0,0.0,0.0,0.0,0.9171
0.0,1.0,0.42857142857142855,1.0,0.0,1.0,0.0,0.0,0.0,0.0,0.9171
0.0,1.0,1.0,1.0,0.0,1.0,0.0,0.0,0.0,0.0,0.9266
1.0,0.3333333333333333,0.0,1.0,0.0,1.0,0.0,0.0,0.0,0.0,0.9185
1.0,0.3333333333333333,0.14285714285714285,1.0,0.0,1.0,0.0,0.0,0.0,0.0,0.928
1.0,0.3333333333333333,0.42857142857142855,1.0,0.0,1.0,0.0,0.0,0.0,0.0,0.9266
1.0,0.3333333333333333,1.0,1.0,0.0,1.0,0.0,0.0,0.0,0.0,0.9402
1.0,0.6666666666666666,0.0,1.0,0.0,1.0,0.0,0.0,0.0,0.0,0.9144
1.0,0.6666666666666666,0.14285714285714285,1.0,0.0,1.0,0.0,0.0,0.0,0.0,0.9144
1.0,0.6666666666666666,0.42857142857142855,1.0,0.0,1.0,0.0,0.0,0.0,0.0,0.9266
1.0,0.6666666666666666,1.0,1.0,0.0,1.0,0.0,0.0,0.0,0.0,0.9402
1.0,1.0,0.0,1.0,0.0,1.0,0.0,0.0,0.0,0.0,0.8981
1.0,1.0,0.14285714285714285,1.0,0.0,1.0,0.0,0.0,0.0,0.0,0.8668
1.0,1.0,0.42857142857142855,1.0,0.0,1.0,0.0,0.0,0.0,0.0,0.8981
1.0,1.0,1.0,1.0,0.0,1.0,0.0,0.0,0.0,0.0,0.9293
0.0,0.3333333333333333,0.0,1.0,0.0,0.0,1.0,0.0,0.0,0.0,0.9171
0.0,0.3333333333333333,0.14285714285714285,1.0,0.0,0.0,1.0,0.0,0.0,0.0,0.9266
0.0,0.3333333333333333,0.42857142857142855,1.0,0.0,0.0,1.0,0.0,0.0,0.0,0.9266
0.0,0.3333333333333333,1.0,1.0,0.0,0.0,1.0,0.0,0.0,0.0,0.9334
0.0,0.6666666666666666,0.0,1.0,0.0,0.0,1.0,0.0,0.0,0.0,0.9212
0.0,0.6666666666666666,0.14285714285714285,1.0,0.0,0.0,1.0,0.0,0.0,0.0,0.9226
0.0,0.6666666666666666,0.42857142857142855,1.0,0.0,0.0,1.0,0.0,0.0,0.0,0.9375
0.0,0.6666666666666666,1.0,1.0,0.0,0.0,1.0,0.0,0.0,0.0,0.9293
0.0,1.0,0.0,1.0,0.0,0.0,1.0,0.0,0.0,0.0,0.9321
0.0,1.0,0.14285714285714285,1.0,0.0,0.0,1.0,0.0,0.0,0.0,0.9239
0.0,1.0,0.42857142857142855,1.0,0.0,0.0,1.0,0.0,0.0,0.0,0.9293
0.0,1.0,1.0,1.0,0.0,0.0,1.0,0.0,0.0,0.0,0.9334
1.0,0.3333333333333333,0.0,1.0,0.0,0.0,1.0,0.0,0.0,0.0,0.9185
1.0,0.3333333333333333,0.14285714285714285,1.0,0.0,0.0,1.0,0.0,0.0,0.0,0.9307
1.0,0.3333333333333333,0.42857142857142855,1.0,0.0,0.0,1.0,0.0,0.0,0.0,0.928
1.0,0.3333333333333333,1.0,1.0,0.0,0.0,1.0,0.0,0.0,0.0,0.9239
1.0,0.6666666666666666,0.0,1.0,0.0,0.0,1.0,0.0,0.0,0.0,0.9212
1.0,0.6666666666666666,0.14285714285714285,1.0,0.0,0.0,1.0,0.0,0.0,0.0,0.9348
1.0,0.6666666666666666,0.42857142857142855,1.0,0.0,0.0,1.0,0.0,0.0,0.0,0.9307
1.0,0.6666666666666666,1.0,1.0,0.0,0.0,1.0,0.0,0.0,0.0,0.9321
1.0,1.0,0.0,1.0,0.0,0.0,1.0,0.0,0.0,0.0,0.9185
1.0,1.0,0.14285714285714285,1.0,0.0,0.0,1.0,0.0,0.0,0.0,0.9239
1.0,1.0,0.42857142857142855,1.0,0.0,0.0,1.0,0.0,0.0,0.0,0.9253
1.0,1.0,1.0,1.0,0.0,0.0,1.0,0.0,0.0,0.0,0.9239
0.0,0.3333333333333333,0.0,1.0,0.0,0.0,0.0,1.0,0.0,0.0,0.9212
0.0,0.3333333333333333,0.14285714285714285,1.0,0.0,0.0,0.0,1.0,0.0,0.0,0.9266
0.0,0.3333333333333333,0.42857142857142855,1.0,0.0,0.0,0.0,1.0,0.0,0.0,0.9266
0.0,0.3333333333333333,1.0,1.0,0.0,0.0,0.0,1.0,0.0,0.0,0.928
0.0,0.6666666666666666,0.0,1.0,0.0,0.0,0.0,1.0,0.0,0.0,0.9239
0.0,0.6666666666666666,0.14285714285714285,1.0,0.0,0.0,0.0,1.0,0.0,0.0,0.9348
0.0,0.6666666666666666,0.42857142857142855,1.0,0.0,0.0,0.0,1.0,0.0,0.0,0.9361
0.0,0.6666666666666666,1.0,1.0,0.0,0.0,0.0,1.0,0.0,0.0,0.9402
0.0,1.0,0.0,1.0,0.0,0.0,0.0,1.0,0.0,0.0,0.9361
0.0,1.0,0.14285714285714285,1.0,0.0,0.0,0.0,1.0,0.0,0.0,0.9321
0.0,1.0,0.42857142857142855,1.0,0.0,0.0,0.0,1.0,0.0,0.0,0.9348
0.0,1.0,1.0,1.0,0.0,0.0,0.0,1.0,0.0,0.0,0.9361
1.0,0.3333333333333333,0.0,1.0,0.0,0.0,0.0,1.0,0.0,0.0,0.9212
1.0,0.3333333333333333,0.14285714285714285,1.0,0.0,0.0,0.0,1.0,0.0,0.0,0.9321
1.0,0.3333333333333333,0.42857142857142855,1.0,0.0,0.0,0.0,1.0,0.0,0.0,0.928
1.0,0.3333333333333333,1.0,1.0,0.0,0.0,0.0,1.0,0.0,0.0,0.9361
1.0,0.6666666666666666,0.0,1.0,0.0,0.0,0.0,1.0,0.0,0.0,0.928
1.0,0.6666666666666666,0.14285714285714285,1.0,0.0,0.0,0.0,1.0,0.0,0.0,0.9348
1.0,0.6666666666666666,0.42857142857142855,1.0,0.0,0.0,0.0,1.0,0.0,0.0,0.9253
1.0,0.6666666666666666,1.0,1.0,0.0,0.0,0.0,1.0,0.0,0.0,0.9293
1.0,1.0,0.0,1.0,0.0,0.0,0.0,1.0,0.0,0.0,0.9226
1.0,1.0,0.14285714285714285,1.0,0.0,0.0,0.0,1.0,0.0,0.0,0.9158
1.0,1.0,0.42857142857142855,1.0,0.0,0.0,0.0,1.0,0.0,0.0,0.9321
1.0,1.0,1.0,1.0,0.0,0.0,0.0,1.0,0.0,0.0,0.9293
0.0,0.0,0.0,1.0,0.0,0.0,0.0,0.0,1.0,0.0,0.9198
0.0,0.0,0.14285714285714285,1.0,0.0,0.0,0.0,0.0,1.0,0.0,0.9253
0.0,0.0,0.42857142857142855,1.0,0.0,0.0,0.0,0.0,1.0,0.0,0.9198
0.0,0.0,1.0,1.0,0.0,0.0,0.0,0.0,1.0,0.0,0.9253
0.0,0.3333333333333333,0.0,1.0,0.0,0.0,0.0,0.0,1.0,0.0,0.9198
0.0,0.3333333333333333,0.14285714285714285,1.0,0.0,0.0,0.0,0.0,1.0,0.0,0.913
0.0,0.3333333333333333,0.42857142857142855,1.0,0.0,0.0,0.0,0.0,1.0,0.0,0.9171
0.0,0.3333333333333333,1.0,1.0,0.0,0.0,0.0,0.0,1.0,0.0,0.9212
0.0,0.6666666666666666,0.0,1.0,0.0,0.0,0.0,0.0,1.0,0.0,0.9022
0.0,0.6666666666666666,0.14285714285714285,1.0,0.0,0.0,0.0,0.0,1.0,0.0,0.9171
0.0,0.6666666666666666,0.42857142857142855,1.0,0.0,0.0,0.0,0.0,1.0,0.0,0.928
0.0,0.6666666666666666,1.0,1.0,0.0,0.0,0.0,0.0,1.0,0.0,0.9212
0.0,1.0,0.0,1.0,0.0,0.0,0.0,0.0,1.0,0.0,0.9117
0.0,1.0,0.14285714285714285,1.0,0.0,0.0,0.0,0.0,1.0,0.0,0.9226
0.0,1.0,0.42857142857142855,1.0,0.0,0.0,0.0,0.0,1.0,0.0,0.9266
0.0,1.0,1.0,1.0,0.0,0.0,0.0,0.0,1.0,0.0,0.9266
1.0,0.0,0.0,1.0,0.0,0.0,0.0,0.0,1.0,0.0,0.9226
1.0,0.0,0.14285714285714285,1.0,0.0,0.0,0.0,0.0,1.0,0.0,0.9226
1.0,0.0,0.42857142857142855,1.0,0.0,0.0,0.0,0.0,1.0,0.0,0.9266
1.0,0.0,1.0,1.0,0.0,0.0,0.0,0.0,1.0,0.0,0.928
1.0,0.3333333333333333,0.0,1.0,0.0,0.0,0.0,0.0,1.0,0.0,0.9144
1.0,0.3333333333333333,0.14285714285714285,1.0,0.0,0.0,0.0,0.0,1.0,0.0,0.9253
1.0,0.3333333333333333,0.42857142857142855,1.0,0.0,0.0,0.0,0.0,1.0,0.0,0.9239
1.0,0.3333333333333333,1.0,1.0,0.0,0.0,0.0,0.0,1.0,0.0,0.928
1.0,0.6666666666666666,0.0,1.0,0.0,0.0,0.0,0.0,1.0,0.0,0.9008
1.0,0.6666666666666666,0.14285714285714285,1.0,0.0,0.0,0.0,0.0,1.0,0.0,0.9049
1.0,0.6666666666666666,0.42857142857142855,1.0,0.0,0.0,0.0,0.0,1.0,0.0,0.9117
1.0,0.6666666666666666,1.0,1.0,0.0,0.0,0.0,0.0,1.0,0.0,0.9321
1.0,1.0,0.0,1.0,0.0,0.0,0.0,0.0,1.0,0.0,0.6304
1.0,1.0,0.14285714285714285,1.0,0.0,0.0,0.0,0.0,1.0,0.0,0.9008
1.0,1.0,0.42857142857142855,1.0,0.0,0.0,0.0,0.0,1.0,0.0,0.9158
1.0,1.0,1.0,1.0,0.0,0.0,0.0,0.0,1.0,0.0,0.9212
0.0,0.3333333333333333,0.0,1.0,0.0,0.0,0.0,0.0,0.0,1.0,0.9198
0.0,0.3333333333333333,0.14285714285714285,1.0,0.0,0.0,0.0,0.0,0.0,1.0,0.9239
0.0,0.3333333333333333,0.42857142857142855,1.0,0.0,0.0,0.0,0.0,0.0,1.0,0.9212
0.0,0.3333333333333333,1.0,1.0,0.0,0.0,0.0,0.0,0.0,1.0,0.9334
0.0,0.6666666666666666,0.0,1.0,0.0,0.0,0.0,0.0,0.0,1.0,0.9171
0.0,0.6666666666666666,0.14285714285714285,1.0,0.0,0.0,0.0,0.0,0.0,1.0,0.909
0.0,0.6666666666666666,0.42857142857142855,1.0,0.0,0.0,0.0,0.0,0.0,1.0,0.9334
0.0,0.6666666666666666,1.0,1.0,0.0,0.0,0.0,0.0,0.0,1.0,0.9266
0.0,1.0,0.0,1.0,0.0,0.0,0.0,0.0,0.0,1.0,0.9158
0.0,1.0,0.14285714285714285,1.0,0.0,0.0,0.0,0.0,0.0,1.0,0.9035
0.0,1.0,0.42857142857142855,1.0,0.0,0.0,0.0,0.0,0.0,1.0,0.9321
0.0,1.0,1.0,1.0,0.0,0.0,0.0,0.0,0.0,1.0,0.9266
1.0,0.3333333333333333,0.0,1.0,0.0,0.0,0.0,0.0,0.0,1.0,0.9171
1.0,0.3333333333333333,0.14285714285714285,1.0,0.0,0.0,0.0,0.0,0.0,1.0,0.9171
1.0,0.3333333333333333,0.42857142857142855,1.0,0.0,0.0,0.0,0.0,0.0,1.0,0.928
1.0,0.3333333333333333,1.0,1.0,0.0,0.0,0.0,0.0,0.0,1.0,0.9348
1.0,0.6666666666666666,0.0,1.0,0.0,0.0,0.0,0.0,0.0,1.0,0.8696
1.0,0.6666666666666666,0.14285714285714285,1.0,0.0,0.0,0.0,0.0,0.0,1.0,0.9239
1.0,0.6666666666666666,0.42857142857142855,1.0,0.0,0.0,0.0,0.0,0.0,1.0,0.9212
1.0,0.6666666666666666,1.0,1.0,0.0,0.0,0.0,0.0,0.0,1.0,0.9307
1.0,1.0,0.0,1.0,0.0,0.0,0.0,0.0,0.0,1.0,0.8682
1.0,1.0,0.14285714285714285,1.0,0.0,0.0,0.0,0.0,0.0,1.0,0.8641
1.0,1.0,0.42857142857142855,1.0,0.0,0.0,0.0,0.0,0.0,1.0,0.9171
1.0,1.0,1.0,1.0,0.0,0.0,0.0,0.0,0.0,1.0,0.928
0.0,0.3333333333333333,0.0,0.0,1.0,1.0,0.0,0.0,0.0,0.0,0.9117
0.0,0.3333333333333333,0.14285714285714285,0.0,1.0,1.0,0.0,0.0,0.0,0.0,0.9144
0.0,0.3333333333333333,0.42857142857142855,0.0,1.0,1.0,0.0,0.0,0.0,0.0,0.9266
0.0,0.3333333333333333,1.0,0.0,1.0,1.0,0.0,0.0,0.0,0.0,0.9266
0.0,0.6666666666666666,0.0,0.0,1.0,1.0,0.0,0.0,0.0,0.0,0.9144
0.0,0.6666666666666666,0.14285714285714285,0.0,1.0,1.0,0.0,0.0,0.0,0.0,0.9158
0.0,0.6666666666666666,0.42857142857142855,0.0,1.0,1.0,0.0,0.0,0.0,0.0,0.9171
0.0,0.6666666666666666,1.0,0.0,1.0,1.0,0.0,0.0,0.0,0.0,0.9239
0.0,1.0,0.0,0.0,1.0,1.0,0.0,0.0,0.0,0.0,0.9171
0.0,1.0,0.14285714285714285,0.0,1.0,1.0,0.0,0.0,0.0,0.0,0.9171
0.0,1.0,0.42857142857142855,0.0,1.0,1.0,0.0,0.0,0.0,0.0,0.9158
0.0,1.0,1.0,0.0,1.0,1.0,0.0,0.0,0.0,0.0,0.9062
1.0,0.3333333333333333,0.0,0.0,1.0,1.0,0.0,0.0,0.0,0.0,0.9185
1.0,0.3333333333333333,0.14285714285714285,0.0,1.0,1.0,0.0,0.0,0.0,0.0,0.9185
1.0,0.3333333333333333,0.42857142857142855,0.0,1.0,1.0,0.0,0.0,0.0,0.0,0.9171
1.0,0.3333333333333333,1.0,0.0,1.0,1.0,0.0,0.0,0.0,0.0,0.9103
1.0,0.6666666666666666,0.0,0.0,1.0,1.0,0.0,0.0,0.0,0.0,0.9185
1.0,0.6666666666666666,0.14285714285714285,0.0,1.0,1.0,0.0,0.0,0.0,0.0,0.9185
1.0,0.6666666666666666,0.42857142857142855,0.0,1.0,1.0,0.0,0.0,0.0,0.0,0.9144
1.0,0.6666666666666666,1.0,0.0,1.0,1.0,0.0,0.0,0.0,0.0,0.913
1.0,1.0,0.0,0.0,1.0,1.0,0.0,0.0,0.0,0.0,0.9144
1.0,1.0,0.14285714285714285,0.0,1.0,1.0,0.0,0.0,0.0,0.0,0.913
1.0,1.0,0.42857142857142855,0.0,1.0,1.0,0.0,0.0,0.0,0.0,0.9158
1.0,1.0,1.0,0.0,1.0,1.0,0.0,0.0,0.0,0.0,0.9117
0.0,0.3333333333333333,0.0,0.0,1.0,0.0,1.0,0.0,0.0,0.0,0.9144
0.0,0.3333333333333333,0.14285714285714285,0.0,1.0,0.0,1.0,0.0,0.0,0.0,0.9144
0.0,0.3333333333333333,0.42857142857142855,0.0,1.0,0.0,1.0,0.0,0.0,0.0,0.9198
0.0,0.3333333333333333,1.0,0.0,1.0,0.0,1.0,0.0,0.0,0.0,0.9253
0.0,0.6666666666666666,0.0,0.0,1.0,0.0,1.0,0.0,0.0,0.0,0.913
0.0,0.6666666666666666,0.14285714285714285,0.0,1.0,0.0,1.0,0.0,0.0,0.0,0.9212
0.0,0.6666666666666666,0.42857142857142855,0.0,1.0,0.0,1.0,0.0,0.0,0.0,0.9226
0.0,0.6666666666666666,1.0,0.0,1.0,0.0,1.0,0.0,0.0,0.0,0.9239
0.0,1.0,0.0,0.0,1.0,0.0,1.0,0.0,0.0,0.0,0.9253
0.0,1.0,0.14285714285714285,0.0,1.0,0.0,1.0,0.0,0.0,0.0,0.9239
0.0,1.0,0.42857142857142855,0.0,1.0,0.0,1.0,0.0,0.0,0.0,0.9239
0.0,1.0,1.0,0.0,1.0,0.0,1.0,0.0,0.0,0.0,0.928
1.0,0.3333333333333333,0.0,0.0,1.0,0.0,1.0,0.0,0.0,0.0,0.9171
1.0,0.3333333333333333,0.14285714285714285,0.0,1.0,0.0,1.0,0.0,0.0,0.0,0.9185
1.0,0.3333333333333333,0.42857142857142855,0.0,1.0,0.0,1.0,0.0,0.0,0.0,0.9171
1.0,0.3333333333333333,1.0,0.0,1.0,0.0,1.0,0.0,0.0,0.0,0.913
1.0,0.6666666666666666,0.0,0.0,1.0,0.0,1.0,0.0,0.0,0.0,0.9171
1.0,0.6666666666666666,0.14285714285714285,0.0,1.0,0.0,1.0,0.0,0.0,0.0,0.9144
1.0,0.6666666666666666,0.42857142857142855,0.0,1.0,0.0,1.0,0.0,0.0,0.0,0.9144
1.0,0.6666666666666666,1.0,0.0,1.0,0.0,1.0,0.0,0.0,0.0,0.9185
1.0,1.0,0.0,0.0,1.0,0.0,1.0,0.0,0.0,0.0,0.9076
1.0,1.0,0.14285714285714285,0.0,1.0,0.0,1.0,0.0,0.0,0.0,0.9117
1.0,1.0,0.42857142857142855,0.0,1.0,0.0,1.0,0.0,0.0,0.0,0.9103
1.0,1.0,1.0,0.0,1.0,0.0,1.0,0.0,0.0,0.0,0.9212
0.0,0.3333333333333333,0.0,0.0,1.0,0.0,0.0,1.0,0.0,0.0,0.9198
0.0,0.3333333333333333,0.14285714285714285,0.0,1.0,0.0,0.0,1.0,0.0,0.0,0.9185
0.0,0.3333333333333333,0.42857142857142855,0.0,1.0,0.0,0.0,1.0,0.0,0.0,0.9266
0.0,0.3333333333333333,1.0,0.0,1.0,0.0,0.0,1.0,0.0,0.0,0.9158
0.0,0.6666666666666666,0.0,0.0,1.0,0.0,0.0,1.0,0.0,0.0,0.928
0.0,0.6666666666666666,0.14285714285714285,0.0,1.0,0.0,0.0,1.0,0.0,0.0,0.9253
0.0,0.6666666666666666,0.42857142857142855,0.0,1.0,0.0,0.0,1.0,0.0,0.0,0.9212
0.0,0.6666666666666666,1.0,0.0,1.0,0.0,0.0,1.0,0.0,0.0,0.9253
0.0,1.0,0.0,0.0,1.0,0.0,0.0,1.0,0.0,0.0,0.928
0.0,1.0,0.14285714285714285,0.0,1.0,0.0,0.0,1.0,0.0,0.0,0.9212
0.0,1.0,0.42857142857142855,0.0,1.0,0.0,0.0,1.0,0.0,0.0,0.9253
0.0,1.0,1.0,0.0,1.0,0.0,0.0,1.0,0.0,0.0,0.9266
1.0,0.3333333333333333,0.0,0.0,1.0,0.0,0.0,1.0,0.0,0.0,0.9158
1.0,0.3333333333333333,0.14285714285714285,0.0,1.0,0.0,0.0,1.0,0.0,0.0,0.9144
1.0,0.3333333333333333,0.42857142857142855,0.0,1.0,0.0,0.0,1.0,0.0,0.0,0.9171
1.0,0.3333333333333333,1.0,0.0,1.0,0.0,0.0,1.0,0.0,0.0,0.9212
1.0,0.6666666666666666,0.0,0.0,1.0,0.0,0.0,1.0,0.0,0.0,0.9171
1.0,0.6666666666666666,0.14285714285714285,0.0,1.0,0.0,0.0,1.0,0.0,0.0,0.9212
1.0,0.6666666666666666,0.42857142857142855,0.0,1.0,0.0,0.0,1.0,0.0,0.0,0.9253
1.0,0.6666666666666666,1.0,0.0,1.0,0.0,0.0,1.0,0.0,0.0,0.9212
1.0,1.0,0.0,0.0,1.0,0.0,0.0,1.0,0.0,0.0,0.9171
1.0,1.0,0.14285714285714285,0.0,1.0,0.0,0.0,1.0,0.0,0.0,0.9171
1.0,1.0,0.42857142857142855,0.0,1.0,0.0,0.0,1.0,0.0,0.0,0.9158
1.0,1.0,1.0,0.0,1.0,0.0,0.0,1.0,0.0,0.0,0.9144
0.0,0.0,0.0,0.0,1.0,0.0,0.0,0.0,1.0,0.0,0.9185
0.0,0.0,0.14285714285714285,0.0,1.0,0.0,0.0,0.0,1.0,0.0,0.9144
0.0,0.0,0.42857142857142855,0.0,1.0,0.0,0.0,0.0,1.0,0.0,0.9103
0.0,0.0,1.0,0.0,1.0,0.0,0.0,0.0,1.0,0.0,0.9158
0.0,0.3333333333333333,0.0,0.0,1.0,0.0,0.0,0.0,1.0,0.0,0.9185
0.0,0.3333333333333333,0.14285714285714285,0.0,1.0,0.0,0.0,0.0,1.0,0.0,0.9117
0.0,0.3333333333333333,0.42857142857142855,0.0,1.0,0.0,0.0,0.0,1.0,0.0,0.9117
0.0,0.3333333333333333,1.0,0.0,1.0,0.0,0.0,0.0,1.0,0.0,0.928
0.0,0.6666666666666666,0.0,0.0,1.0,0.0,0.0,0.0,1.0,0.0,0.9062
0.0,0.6666666666666666,0.14285714285714285,0.0,1.0,0.0,0.0,0.0,1.0,0.0,0.9226
0.0,0.6666666666666666,0.42857142857142855,0.0,1.0,0.0,0.0,0.0,1.0,0.0,0.9226
0.0,0.6666666666666666,1.0,0.0,1.0,0.0,0.0,0.0,1.0,0.0,0.9321
0.0,1.0,0.0,0.0,1.0,0.0,0.0,0.0,1.0,0.0,0.9171
0.0,1.0,0.14285714285714285,0.0,1.0,0.0,0.0,0.0,1.0,0.0,0.9103
0.0,1.0,0.42857142857142855,0.0,1.0,0.0,0.0,0.0,1.0,0.0,0.9253
0.0,1.0,1.0,0.0,1.0,0.0,0.0,0.0,1.0,0.0,0.9266
1.0,0.0,0.0,0.0,1.0,0.0,0.0,0.0,1.0,0.0,0.9226
1.0,0.0,0.14285714285714285,0.0,1.0,0.0,0.0,0.0,1.0,0.0,0.9239
1.0,0.0,0.42857142857142855,0.0,1.0,0.0,0.0,0.0,1.0,0.0,0.9185
1.0,0.0,1.0,0.0,1.0,0.0,0.0,0.0,1.0,0.0,0.9158
1.0,0.3333333333333333,0.0,0.0,1.0,0.0,0.0,0.0,1.0,0.0,0.9198
1.0,0.3333333333333333,0.14285714285714285,0.0,1.0,0.0,0.0,0.0,1.0,0.0,0.9185
1.0,0.3333333333333333,0.42857142857142855,0.0,1.0,0.0,0.0,0.0,1.0,0.0,0.9158
1.0,0.3333333333333333,1.0,0.0,1.0,0.0,0.0,0.0,1.0,0.0,0.9144
1.0,0.6666666666666666,0.0,0.0,1.0,0.0,0.0,0.0,1.0,0.0,0.9171
1.0,0.6666666666666666,0.14285714285714285,0.0,1.0,0.0,0.0,0.0,1.0,0.0,0.9171
1.0,0.6666666666666666,0.42857142857142855,0.0,1.0,0.0,0.0,0.0,1.0,0.0,0.913
1.0,0.6666666666666666,1.0,0.0,1.0,0.0,0.0,0.0,1.0,0.0,0.9117
1.0,1.0,0.0,0.0,1.0,0.0,0.0,0.0,1.0,0.0,0.9022
1.0,1.0,0.14285714285714285,0.0,1.0,0.0,0.0,0.0,1.0,0.0,0.9076
1.0,1.0,0.42857142857142855,0.0,1.0,0.0,0.0,0.0,1.0,0.0,0.9049
1.0,1.0,1.0,0.0,1.0,0.0,0.0,0.0,1.0,0.0,0.9185
0.0,0.3333333333333333,0.0,0.0,1.0,0.0,0.0,0.0,0.0,1.0,0.909
0.0,0.3333333333333333,0.14285714285714285,0.0,1.0,0.0,0.0,0.0,0.0,1.0,0.9266
0.0,0.3333333333333333,0.42857142857142855,0.0,1.0,0.0,0.0,0.0,0.0,1.0,0.9239
0.0,0.3333333333333333,1.0,0.0,1.0,0.0,0.0,0.0,0.0,1.0,0.9185
0.0,0.6666666666666666,0.0,0.0,1.0,0.0,0.0,0.0,0.0,1.0,0.9253
0.0,0.6666666666666666,0.14285714285714285,0.0,1.0,0.0,0.0,0.0,0.0,1.0,0.9198
0.0,0.6666666666666666,0.42857142857142855,0.0,1.0,0.0,0.0,0.0,0.0,1.0,0.9198
0.0,0.6666666666666666,1.0,0.0,1.0,0.0,0.0,0.0,0.0,1.0,0.9226
0.0,1.0,0.0,0.0,1.0,0.0,0.0,0.0,0.0,1.0,0.9226
0.0,1.0,0.14285714285714285,0.0,1.0,0.0,0.0,0.0,0.0,1.0,0.9144
0.0,1.0,0.42857142857142855,0.0,1.0,0.0,0.0,0.0,0.0,1.0,0.9185
0.0,1.0,1.0,0.0,1.0,0.0,0.0,0.0,0.0,1.0,0.9266
1.0,0.3333333333333333,0.0,0.0,1.0,0.0,0.0,0.0,0.0,1.0,0.9212
1.0,0.3333333333333333,0.14285714285714285,0.0,1.0,0.0,0.0,0.0,0.0,1.0,0.9185
1.0,0.3333333333333333,0.42857142857142855,0.0,1.0,0.0,0.0,0.0,0.0,1.0,0.9171
1.0,0.3333333333333333,1.0,0.0,1.0,0.0,0.0,0.0,0.0,1.0,0.9158
1.0,0.6666666666666666,0.0,0.0,1.0,0.0,0.0,0.0,0.0,1.0,0.9103
1.0,0.6666666666666666,0.14285714285714285,0.0,1.0,0.0,0.0,0.0,0.0,1.0,0.9171
1.0,0.6666666666666666,0.42857142857142855,0.0,1.0,0.0,0.0,0.0,0.0,1.0,0.9158
1.0,0.6666666666666666,1.0,0.0,1.0,0.0,0.0,0.0,0.0,1.0,0.9158
1.0,1.0,0.0,0.0,1.0,0.0,0.0,0.0,0.0,1.0,0.9076
1.0,1.0,0.14285714285714285,0.0,1.0,0.0,0.0,0.0,0.0,1.0,0.9117
1.0,1.0,0.42857142857142855,0.0,1.0,0.0,0.0,0.0,0.0,1.0,0.9117
1.0,1.0,1.0,0.0,1.0,0.0,0.0,0.0,0.0,1.0,0.9158
