0.0,0.3333333333333333,0.0,1.0,0.0,1.0,0.0,0.0,0.0,0.0,0.6518
0.0,0.3333333333333333,0.14285714285714285,1.0,0.0,1.0,0.0,0.0,0.0,0.0,0.7143
0.0,0.3333333333333333,0.42857142857142855,1.0,0.0,1.0,0.0,0.0,0.0,0.0,0.6339
0.0,0.3333333333333333,1.0,1.0,0.0,1.0,0.0,0.0,0.0,0.0,0.5714
0.0,0.6666666666666666,0.0,1.0,0.0,1.0,0.0,0.0,0.0,0.0,0.6518
0.0,0.6666666666666666,0.14285714285714285,1.0,0.0,1.0,0.0,0.0,0.0,0.0,0.6518
0.0,0.6666666666666666,0.42857142857142855,1.0,0.0,1.0,0.0,0.0,0.0,0.0,0.6339
0.0,0.6666666666666666,1.0,1.0,0.0,1.0,0.0,0.0,0.0,0.0,0.6786
0.0,1.0,0.0,1.0,0.0,1.0,0.0,0.0,0.0,0.0,0.5982
0.0,1.0,0.14285714285714285,1.0,0.0,1.0,0.0,0.0,0.0,0.0,0.625
0.0,1.0,0.42857142857142855,1.0,0.0,1.0,0.0,0.0,0.0,0.0,0.6161
0.0,1.0,1.0,1.0,0.0,1.0,0.0,0.0,0.0,0.0,0.6607
1.0,0.3333333333333333,0.0,1.0,0.0,1.0,0.0,0.0,0.0,0.0,0.6964
1.0,0.3333333333333333,0.14285714285714285,1.0,0.0,1.0,0.0,0.0,0.0,0.0,0.6964
1.0,0.3333333333333333,0.42857142857142855,1.0,0.0,1.0,0.0,0.0,0.0,0.0,0.6964
1.0,0.3333333333333333,1.0,1.0,0.0,1.0,0.0,0.0,0.0,0.0,0.6964
1.0,0.6666666666666666,0.0,1.0,0.0,1.0,0.0,0.0,0.0,0.0,0.6964
1.0,0.6666666666666666,0.14285714285714285,1.0,0.0,1.0,0.0,0.0,0.0,0.0,0.6964
1.0,0.6666666666666666,0.42857142857142855,1.0,0.0,1.0,0.0,0.0,0.0,0.0,0.6964
1.0,0.6666666666666666,1.0,1.0,0.0,1.0,0.0,0.0,0.0,0.0,0.6964
1.0,1.0,0.0,1.0,0.0,1.0,0.0,0.0,0.0,0.0,0.6964
1.0,1.0,0.14285714285714285,1.0,0.0,1.0,0.0,0.0,0.0,0.0,0.6964
1.0,1.0,0.42857142857142855,1.0,0.0,1.0,0.0,0.0,0.0,0.0,0.6964
1.0,1.0,1.0,1.0,0.0,1.0,0.0,0.0,0.0,0.0,0.6964
0.0,0.3333333333333333,0.0,1.0,0.0,0.0,1.0,0.0,0.0,0.0,0.7054
0.0,0.3333333333333333,0.14285714285714285,1.0,0.0,0.0,1.0,0.0,0.0,0.0,0.6696
0.0,0.3333333333333333,0.42857142857142855,1.0,0.0,0.0,1.0,0.0,0.0,0.0,0.6607
0.0,0.3333333333333333,1.0,1.0,0.0,0.0,1.0,0.0,0.0,0.0,0.6696
0.0,0.6666666666666666,0.0,1.0,0.0,0.0,1.0,0.0,0.0,0.0,0.5893
0.0,0.6666666666666666,0.14285714285714285,1.0,0.0,0.0,1.0,0.0,0.0,0.0,0.5536
0.0,0.6666666666666666,0.42857142857142855,1.0,0.0,0.0,1.0,0.0,0.0,0.0,0.5714
0.0,0.6666666666666666,1.0,1.0,0.0,0.0,1.0,0.0,0.0,0.0,0.6339
0.0,1.0,0.0,1.0,0.0,0.0,1.0,0.0,0.0,0.0,0.6071
0.0,1.0,0.14285714285714285,1.0,0.0,0.0,1.0,0.0,0.0,0.0,0.6161
0.0,1.0,0.42857142857142855,1.0,0.0,0.0,1.0,0.0,0.0,0.0,0.6071
0.0,1.0,1.0,1.0,0.0,0.0,1.0,0.0,0.0,0.0,0.5357
1.0,0.3333333333333333,0.0,1.0,0.0,0.0,1.0,0.0,0.0,0.0,0.6964
1.0,0.3333333333333333,0.14285714285714285,1.0,0.0,0.0,1.0,0.0,0.0,0.0,0.6964
1.0,0.3333333333333333,0.42857142857142855,1.0,0.0,0.0,1.0,0.0,0.0,0.0,0.6964
1.0,0.3333333333333333,1.0,1.0,0.0,0.0,1.0,0.0,0.0,0.0,0.6964
1.0,0.6666666666666666,0.0,1.0,0.0,0.0,1.0,0.0,0.0,0.0,0.6964
1.0,0.6666666666666666,0.14285714285714285,1.0,0.0,0.0,1.0,0.0,0.0,0.0,0.6964
1.0,0.6666666666666666,0.42857142857142855,1.0,0.0,0.0,1.0,0.0,0.0,0.0,0.6964
1.0,0.6666666666666666,1.0,1.0,0.0,0.0,1.0,0.0,0.0,0.0,0.6964
1.0,1.0,0.0,1.0,0.0,0.0,1.0,0.0,0.0,0.0,0.6964
1.0,1.0,0.14285714285714285,1.0,0.0,0.0,1.0,0.0,0.0,0.0,0.6964
1.0,1.0,0.42857142857142855,1.0,0.0,0.0,1.0,0.0,0.0,0.0,0.6964
1.0,1.0,1.0,1.0,0.0,0.0,1.0,0.0,0.0,0.0,0.6964
0.0,0.3333333333333333,0.0,1.0,0.0,0.0,0.0,1.0,0.0,0.0,0.7232
0.0,0.3333333333333333,0.14285714285714285,1.0,0.0,0.0,0.0,1.0,0.0,0.0,0.6071
0.0,0.3333333333333333,0.42857142857142855,1.0,0.0,0.0,0.0,1.0,0.0,0.0,0.5714
0.0,0.3333333333333333,1.0,1.0,0.0,0.0,0.0,1.0,0.0,0.0,0.5714
0.0,0.6666666666666666,0.0,1.0,0.0,0.0,0.0,1.0,0.0,0.0,0.5982
0.0,0.6666666666666666,0.14285714285714285,1.0,0.0,0.0,0.0,1.0,0.0,0.0,0.6071
0.0,0.6666666666666666,0.42857142857142855,1.0,0.0,0.0,0.0,1.0,0.0,0.0,0.5536
0.0,0.6666666666666666,1.0,1.0,0.0,0.0,0.0,1.0,0.0,0.0,0.5625
0.0,1.0,0.0,1.0,0.0,0.0,0.0,1.0,0.0,0.0,0.5625
0.0,1.0,0.14285714285714285,1.0,0.0,0.0,0.0,1.0,0.0,0.0,0.5714
0.0,1.0,0.42857142857142855,1.0,0.0,0.0,0.0,1.0,0.0,0.0,0.5714
0.0,1.0,1.0,1.0,0.0,0.0,0.0,1.0,0.0,0.0,0.5268
1.0,0.3333333333333333,0.0,1.0,0.0,0.0,0.0,1.0,0.0,0.0,0.6964
1.0,0.3333333333333333,0.14285714285714285,1.0,0.0,0.0,0.0,1.0,0.0,0.0,0.6964
1.0,0.3333333333333333,0.42857142857142855,1.0,0.0,0.0,0.0,1.0,0.0,0.0,0.6964
1.0,0.3333333333333333,1.0,1.0,0.0,0.0,0.0,1.0,0.0,0.0,0.6964
1.0,0.6666666666666666,0.0,1.0,0.0,0.0,0.0,1.0,0.0,0.0,0.6964
1.0,0.6666666666666666,0.14285714285714285,1.0,0.0,0.0,0.0,1.0,0.0,0.0,0.6964
1.0,0.6666666666666666,0.42857142857142855,1.0,0.0,0.0,0.0,1.0,0.0,0.0,0.6964
1.0,0.6666666666666666,1.0,1.0,0.0,0.0,0.0,1.0,0.0,0.0,0.6964
1.0,1.0,0.0,1.0,0.0,0.0,0.0,1.0,0.0,0.0,0.6964
1.0,1.0,0.14285714285714285,1.0,0.0,0.0,0.0,1.0,0.0,0.0,0.6964
1.0,1.0,0.42857142857142855,1.0,0.0,0.0,0.0,1.0,0.0,0.0,0.6964
1.0,1.0,1.0,1.0,0.0,0.0,0.0,1.0,0.0,0.0,0.6964
0.0,0.0,0.0,1.0,0.0,0.0,0.0,0.0,1.0,0.0,0.6964
0.0,0.0,0.14285714285714285,1.0,0.0,0.0,0.0,0.0,1.0,0.0,0.7321
0.0,0.0,0.42857142857142855,1.0,0.0,0.0,0.0,0.0,1.0,0.0,0.6696
0.0,0.0,1.0,1.0,0.0,0.0,0.0,0.0,1.0,0.0,0.6429
0.0,0.3333333333333333,0.0,1.0,0.0,0.0,0.0,0.0,1.0,0.0,0.6518
0.0,0.3333333333333333,0.14285714285714285,1.0,0.0,0.0,0.0,0.0,1.0,0.0,0.6964
0.0,0.3333333333333333,0.42857142857142855,1.0,0.0,0.0,0.0,0.0,1.0,0.0,0.6875
0.0,0.3333333333333333,1.0,1.0,0.0,0.0,0.0,0.0,1.0,0.0,0.6429
0.0,0.6666666666666666,0.0,1.0,0.0,0.0,0.0,0.0,1.0,0.0,0.6964
0.0,0.6666666666666666,0.14285714285714285,1.0,0.0,0.0,0.0,0.0,1.0,0.0,0.6429
0.0,0.6666666666666666,0.42857142857142855,1.0,0.0,0.0,0.0,0.0,1.0,0.0,0.625
0.0,0.6666666666666666,1.0,1.0,0.0,0.0,0.0,0.0,1.0,0.0,0.5357
0.0,1.0,0.0,1.0,0.0,0.0,0.0,0.0,1.0,0.0,0.6964
0.0,1.0,0.14285714285714285,1.0,0.0,0.0,0.0,0.0,1.0,0.0,0.6875
0.0,1.0,0.42857142857142855,1.0,0.0,0.0,0.0,0.0,1.0,0.0,0.625
0.0,1.0,1.0,1.0,0.0,0.0,0.0,0.0,1.0,0.0,0.6161
1.0,0.0,0.0,1.0,0.0,0.0,0.0,0.0,1.0,0.0,0.6964
1.0,0.0,0.14285714285714285,1.0,0.0,0.0,0.0,0.0,1.0,0.0,0.6964
1.0,0.0,0.42857142857142855,1.0,0.0,0.0,0.0,0.0,1.0,0.0,0.6875
1.0,0.0,1.0,1.0,0.0,0.0,0.0,0.0,1.0,0.0,0.6964
1.0,0.3333333333333333,0.0,1.0,0.0,0.0,0.0,0.0,1.0,0.0,0.6964
1.0,0.3333333333333333,0.14285714285714285,1.0,0.0,0.0,0.0,0.0,1.0,0.0,0.6964
1.0,0.3333333333333333,0.42857142857142855,1.0,0.0,0.0,0.0,0.0,1.0,0.0,0.6964
1.0,0.3333333333333333,1.0,1.0,0.0,0.0,0.0,0.0,1.0,0.0,0.6964
1.0,0.6666666666666666,0.0,1.0,0.0,0.0,0.0,0.0,1.0,0.0,0.6964
1.0,0.6666666666666666,0.14285714285714285,1.0,0.0,0.0,0.0,0.0,1.0,0.0,0.6964
1.0,0.6666666666666666,0.42857142857142855,1.0,0.0,0.0,0.0,0.0,1.0,0.0,0.6964
1.0,0.6666666666666666,1.0,1.0,0.0,0.0,0.0,0.0,1.0,0.0,0.6964
1.0,1.0,0.0,1.0,0.0,0.0,0.0,0.0,1.0,0.0,0.6964
1.0,1.0,0.14285714285714285,1.0,0.0,0.0,0.0,0.0,1.0,0.0,0.6964
1.0,1.0,0.42857142857142855,1.0,0.0,0.0,0.0,0.0,1.0,0.0,0.6964
1.0,1.0,1.0,1.0,0.0,0.0,0.0,0.0,1.0,0.0,0.6964
0.0,0.3333333333333333,0.0,1.0,0.0,0.0,0.0,0.0,0.0,1.0,0.6875
0.0,0.3333333333333333,0.14285714285714285,1.0,0.0,0.0,0.0,0.0,0.0,1.0,0.6875
0.0,0.3333333333333333,0.42857142857142855,1.0,0.0,0.0,0.0,0.0,0.0,1.0,0.6607
0.0,0.3333333333333333,1.0,1.0,0.0,0.0,0.0,0.0,0.0,1.0,0.5893
0.0,0.6666666666666666,0.0,1.0,0.0,0.0,0.0,0.0,0.0,1.0,0.625
0.0,0.6666666666666666,0.14285714285714285,1.0,0.0,0.0,0.0,0.0,0.0,1.0,0.6786
0.0,0.6666666666666666,0.42857142857142855,1.0,0.0,0.0,0.0,0.0,0.0,1.0,0.6161
0.0,0.6666666666666666,1.0,1.0,0.0,0.0,0.0,0.0,0.0,1.0,0.5893
0.0,1.0,0.0,1.0,0.0,0.0,0.0,0.0,0.0,1.0,0.6696
0.0,1.0,0.14285714285714285,1.0,0.0,0.0,0.0,0.0,0.0,1.0,0.6964
0.0,1.0,0.42857142857142855,1.0,0.0,0.0,0.0,0.0,0.0,1.0,0.625
0.0,1.0,1.0,1.0,0.0,0.0,0.0,0.0,0.0,1.0,0.5982
1.0,0.3333333333333333,0.0,1.0,0.0,0.0,0.0,0.0,0.0,1.0,0.6964
1.0,0.3333333333333333,0.14285714285714285,1.0,0.0,0.0,0.0,0.0,0.0,1.0,0.6964
1.0,0.3333333333333333,0.42857142857142855,1.0,0.0,0.0,0.0,0.0,0.0,1.0,0.6964
1.0,0.3333333333333333,1.0,1.0,0.0,0.0,0.0,0.0,0.0,1.0,0.6964
1.0,0.6666666666666666,0.0,1.0,0.0,0.0,0.0,0.0,0.0,1.0,0.6964
1.0,0.6666666666666666,0.14285714285714285,1.0,0.0,0.0,0.0,0.0,0.0,1.0,0.6964
1.0,0.6666666666666666,0.42857142857142855,1.0,0.0,0.0,0.0,0.0,0.0,1.0,0.6964
1.0,0.6666666666666666,1.0,1.0,0.0,0.0,0.0,0.0,0.0,1.0,0.6964
1.0,1.0,0.0,1.0,0.0,0.0,0.0,0.0,0.0,1.0,0.6964
1.0,1.0,0.14285714285714285,1.0,0.0,0.0,0.0,0.0,0.0,1.0,0.6964
1.0,1.0,0.42857142857142855,1.0,0.0,0.0,0.0,0.0,0.0,1.0,0.6964
1.0,1.0,1.0,1.0,0.0,0.0,0.0,0.0,0.0,1.0,0.6964
0.0,0.3333333333333333,0.0,0.0,1.0,1.0,0.0,0.0,0.0,0.0,0.6429
0.0,0.3333333333333333,0.14285714285714285,0.0,1.0,1.0,0.0,0.0,0.0,0.0,0.7054
0.0,0.3333333333333333,0.42857142857142855,0.0,1.0,1.0,0.0,0.0,0.0,0.0,0.6696
0.0,0.3333333333333333,1.0,0.0,1.0,1.0,0.0,0.0,0.0,0.0,0.625
0.0,0.6666666666666666,0.0,0.0,1.0,1.0,0.0,0.0,0.0,0.0,0.625
0.0,0.6666666666666666,0.14285714285714285,0.0,1.0,1.0,0.0,0.0,0.0,0.0,0.6607
0.0,0.6666666666666666,0.42857142857142855,0.0,1.0,1.0,0.0,0.0,0.0,0.0,0.6696
0.0,0.6666666666666666,1.0,0.0,1.0,1.0,0.0,0.0,0.0,0.0,0.6339
0.0,1.0,0.0,0.0,1.0,1.0,0.0,0.0,0.0,0.0,0.625
0.0,1.0,0.14285714285714285,0.0,1.0,1.0,0.0,0.0,0.0,0.0,0.6607
0.0,1.0,0.42857142857142855,0.0,1.0,1.0,0.0,0.0,0.0,0.0,0.6161
0.0,1.0,1.0,0.0,1.0,1.0,0.0,0.0,0.0,0.0,0.6161
1.0,0.3333333333333333,0.0,0.0,1.0,1.0,0.0,0.0,0.0,0.0,0.6964
1.0,0.3333333333333333,0.14285714285714285,0.0,1.0,1.0,0.0,0.0,0.0,0.0,0.6964
1.0,0.3333333333333333,0.42857142857142855,0.0,1.0,1.0,0.0,0.0,0.0,0.0,0.6964
1.0,0.3333333333333333,1.0,0.0,1.0,1.0,0.0,0.0,0.0,0.0,0.6875
1.0,0.6666666666666666,0.0,0.0,1.0,1.0,0.0,0.0,0.0,0.0,0.6964
1.0,0.6666666666666666,0.14285714285714285,0.0,1.0,1.0,0.0,0.0,0.0,0.0,0.6964
1.0,0.6666666666666666,0.42857142857142855,0.0,1.0,1.0,0.0,0.0,0.0,0.0,0.6964
1.0,0.6666666666666666,1.0,0.0,1.0,1.0,0.0,0.0,0.0,0.0,0.6964
1.0,1.0,0.0,0.0,1.0,1.0,0.0,0.0,0.0,0.0,0.6964
1.0,1.0,0.14285714285714285,0.0,1.0,1.0,0.0,0.0,0.0,0.0,0.6964
1.0,1.0,0.42857142857142855,0.0,1.0,1.0,0.0,0.0,0.0,0.0,0.6161
1.0,1.0,1.0,0.0,1.0,1.0,0.0,0.0,0.0,0.0,0.6696
0.0,0.3333333333333333,0.0,0.0,1.0,0.0,1.0,0.0,0.0,0.0,0.6786
0.0,0.3333333333333333,0.14285714285714285,0.0,1.0,0.0,1.0,0.0,0.0,0.0,0.6518
0.0,0.3333333333333333,0.42857142857142855,0.0,1.0,0.0,1.0,0.0,0.0,0.0,0.6875
0.0,0.3333333333333333,1.0,0.0,1.0,0.0,1.0,0.0,0.0,0.0,0.6339
0.0,0.6666666666666666,0.0,0.0,1.0,0.0,1.0,0.0,0.0,0.0,0.6696
0.0,0.6666666666666666,0.14285714285714285,0.0,1.0,0.0,1.0,0.0,0.0,0.0,0.6071
0.0,0.6666666666666666,0.42857142857142855,0.0,1.0,0.0,1.0,0.0,0.0,0.0,0.5714
0.0,0.6666666666666666,1.0,0.0,1.0,0.0,1.0,0.0,0.0,0.0,0.5982
0.0,1.0,0.0,0.0,1.0,0.0,1.0,0.0,0.0,0.0,0.6875
0.0,1.0,0.14285714285714285,0.0,1.0,0.0,1.0,0.0,0.0,0.0,0.5982
0.0,1.0,0.42857142857142855,0.0,1.0,0.0,1.0,0.0,0.0,0.0,0.5625
0.0,1.0,1.0,0.0,1.0,0.0,1.0,0.0,0.0,0.0,0.5268
1.0,0.3333333333333333,0.0,0.0,1.0,0.0,1.0,0.0,0.0,0.0,0.6964
1.0,0.3333333333333333,0.14285714285714285,0.0,1.0,0.0,1.0,0.0,0.0,0.0,0.6964
1.0,0.3333333333333333,0.42857142857142855,0.0,1.0,0.0,1.0,0.0,0.0,0.0,0.6964
1.0,0.3333333333333333,1.0,0.0,1.0,0.0,1.0,0.0,0.0,0.0,0.6875
1.0,0.6666666666666666,0.0,0.0,1.0,0.0,1.0,0.0,0.0,0.0,0.6964
1.0,0.6666666666666666,0.14285714285714285,0.0,1.0,0.0,1.0,0.0,0.0,0.0,0.6964
1.0,0.6666666666666666,0.42857142857142855,0.0,1.0,0.0,1.0,0.0,0.0,0.0,0.6964
1.0,0.6666666666666666,1.0,0.0,1.0,0.0,1.0,0.0,0.0,0.0,0.6964
1.0,1.0,0.0,0.0,1.0,0.0,1.0,0.0,0.0,0.0,0.6964
1.0,1.0,0.14285714285714285,0.0,1.0,0.0,1.0,0.0,0.0,0.0,0.6964
1.0,1.0,0.42857142857142855,0.0,1.0,0.0,1.0,0.0,0.0,0.0,0.6964
1.0,1.0,1.0,0.0,1.0,0.0,1.0,0.0,0.0,0.0,0.6964
0.0,0.3333333333333333,0.0,0.0,1.0,0.0,0.0,1.0,0.0,0.0,0.7054
0.0,0.3333333333333333,0.14285714285714285,0.0,1.0,0.0,0.0,1.0,0.0,0.0,0.6786
0.0,0.3333333333333333,0.42857142857142855,0.0,1.0,0.0,0.0,1.0,0.0,0.0,0.6875
0.0,0.3333333333333333,1.0,0.0,1.0,0.0,0.0,1.0,0.0,0.0,0.6518
0.0,0.6666666666666666,0.0,0.0,1.0,0.0,0.0,1.0,0.0,0.0,0.6161
0.0,0.6666666666666666,0.14285714285714285,0.0,1.0,0.0,0.0,1.0,0.0,0.0,0.6071
0.0,0.6666666666666666,0.42857142857142855,0.0,1.0,0.0,0.0,1.0,0.0,0.0,0.6339
0.0,0.6666666666666666,1.0,0.0,1.0,0.0,0.0,1.0,0.0,0.0,0.5089
0.0,1.0,0.0,0.0,1.0,0.0,0.0,1.0,0.0,0.0,0.5982
0.0,1.0,0.14285714285714285,0.0,1.0,0.0,0.0,1.0,0.0,0.0,0.5625
0.0,1.0,0.42857142857142855,0.0,1.0,0.0,0.0,1.0,0.0,0.0,0.5179
0.0,1.0,1.0,0.0,1.0,0.0,0.0,1.0,0.0,0.0,0.5982
1.0,0.3333333333333333,0.0,0.0,1.0,0.0,0.0,1.0,0.0,0.0,0.6964
1.0,0.3333333333333333,0.14285714285714285,0.0,1.0,0.0,0.0,1.0,0.0,0.0,0.6964
1.0,0.3333333333333333,0.42857142857142855,0.0,1.0,0.0,0.0,1.0,0.0,0.0,0.6964
1.0,0.3333333333333333,1.0,0.0,1.0,0.0,0.0,1.0,0.0,0.0,0.6875
1.0,0.6666666666666666,0.0,0.0,1.0,0.0,0.0,1.0,0.0,0.0,0.6964
1.0,0.6666666666666666,0.14285714285714285,0.0,1.0,0.0,0.0,1.0,0.0,0.0,0.6964
1.0,0.6666666666666666,0.42857142857142855,0.0,1.0,0.0,0.0,1.0,0.0,0.0,0.6964
1.0,0.6666666666666666,1.0,0.0,1.0,0.0,0.0,1.0,0.0,0.0,0.6696
1.0,1.0,0.0,0.0,1.0,0.0,0.0,1.0,0.0,0.0,0.6964
1.0,1.0,0.14285714285714285,0.0,1.0,0.0,0.0,1.0,0.0,0.0,0.6964
1.0,1.0,0.42857142857142855,0.0,1.0,0.0,0.0,1.0,0.0,0.0,0.6964
1.0,1.0,1.0,0.0,1.0,0.0,0.0,1.0,0.0,0.0,0.6964
0.0,0.0,0.0,0.0,1.0,0.0,0.0,0.0,1.0,0.0,0.6786
0.0,0.0,0.14285714285714285,0.0,1.0,0.0,0.0,0.0,1.0,0.0,0.6786
0.0,0.0,0.42857142857142855,0.0,1.0,0.0,0.0,0.0,1.0,0.0,0.6786
0.0,0.0,1.0,0.0,1.0,0.0,0.0,0.0,1.0,0.0,0.6429
0.0,0.3333333333333333,0.0,0.0,1.0,0.0,0.0,0.0,1.0,0.0,0.625
0.0,0.3333333333333333,0.14285714285714285,0.0,1.0,0.0,0.0,0.0,1.0,0.0,0.6696
0.0,0.3333333333333333,0.42857142857142855,0.0,1.0,0.0,0.0,0.0,1.0,0.0,0.7054
0.0,0.3333333333333333,1.0,0.0,1.0,0.0,0.0,0.0,1.0,0.0,0.6339
0.0,0.6666666666666666,0.0,0.0,1.0,0.0,0.0,0.0,1.0,0.0,0.6964
0.0,0.6666666666666666,0.14285714285714285,0.0,1.0,0.0,0.0,0.0,1.0,0.0,0.7232
0.0,0.6666666666666666,0.42857142857142855,0.0,1.0,0.0,0.0,0.0,1.0,0.0,0.5982
0.0,0.6666666666666666,1.0,0.0,1.0,0.0,0.0,0.0,1.0,0.0,0.5982
0.0,1.0,0.0,0.0,1.0,0.0,0.0,0.0,1.0,0.0,0.6518
0.0,1.0,0.14285714285714285,0.0,1.0,0.0,0.0,0.0,1.0,0.0,0.6429
0.0,1.0,0.42857142857142855,0.0,1.0,0.0,0.0,0.0,1.0,0.0,0.6339
0.0,1.0,1.0,0.0,1.0,0.0,0.0,0.0,1.0,0.0,0.5893
1.0,0.0,0.0,0.0,1.0,0.0,0.0,0.0,1.0,0.0,0.6964
1.0,0.0,0.14285714285714285,0.0,1.0,0.0,0.0,0.0,1.0,0.0,0.6964
1.0,0.0,0.42857142857142855,0.0,1.0,0.0,0.0,0.0,1.0,0.0,0.6875
1.0,0.0,1.0,0.0,1.0,0.0,0.0,0.0,1.0,0.0,0.6696
1.0,0.3333333333333333,0.0,0.0,1.0,0.0,0.0,0.0,1.0,0.0,0.6964
1.0,0.3333333333333333,0.14285714285714285,0.0,1.0,0.0,0.0,0.0,1.0,0.0,0.6964
1.0,0.3333333333333333,0.42857142857142855,0.0,1.0,0.0,0.0,0.0,1.0,0.0,0.6964
1.0,0.3333333333333333,1.0,0.0,1.0,0.0,0.0,0.0,1.0,0.0,0.6964
1.0,0.6666666666666666,0.0,0.0,1.0,0.0,0.0,0.0,1.0,0.0,0.6964
1.0,0.6666666666666666,0.14285714285714285,0.0,1.0,0.0,0.0,0.0,1.0,0.0,0.6964
1.0,0.6666666666666666,0.42857142857142855,0.0,1.0,0.0,0.0,0.0,1.0,0.0,0.6964
1.0,0.6666666666666666,1.0,0.0,1.0,0.0,0.0,0.0,1.0,0.0,0.6964
1.0,1.0,0.0,0.0,1.0,0.0,0.0,0.0,1.0,0.0,0.6964
1.0,1.0,0.14285714285714285,0.0,1.0,0.0,0.0,0.0,1.0,0.0,0.6964
1.0,1.0,0.42857142857142855,0.0,1.0,0.0,0.0,0.0,1.0,0.0,0.6964
1.0,1.0,1.0,0.0,1.0,0.0,0.0,0.0,1.0,0.0,0.6964
0.0,0.3333333333333333,0.0,0.0,1.0,0.0,0.0,0.0,0.0,1.0,0.625
0.0,0.3333333333333333,0.14285714285714285,0.0,1.0,0.0,0.0,0.0,0.0,1.0,0.6786
0.0,0.3333333333333333,0.42857142857142855,0.0,1.0,0.0,0.0,0.0,0.0,1.0,0.6607
0.0,0.3333333333333333,1.0,0.0,1.0,0.0,0.0,0.0,0.0,1.0,0.6696
0.0,0.6666666666666666,0.0,0.0,1.0,0.0,0.0,0.0,0.0,1.0,0.6607
0.0,0.6666666666666666,0.14285714285714285,0.0,1.0,0.0,0.0,0.0,0.0,1.0,0.6786
0.0,0.6666666666666666,0.42857142857142855,0.0,1.0,0.0,0.0,0.0,0.0,1.0,0.5982
0.0,0.6666666666666666,1.0,0.0,1.0,0.0,0.0,0.0,0.0,1.0,0.625
0.0,1.0,0.0,0.0,1.0,0.0,0.0,0.0,0.0,1.0,0.6161
0.0,1.0,0.14285714285714285,0.0,1.0,0.0,0.0,0.0,0.0,1.0,0.6607
0.0,1.0,0.42857142857142855,0.0,1.0,0.0,0.0,0.0,0.0,1.0,0.5714
0.0,1.0,1.0,0.0,1.0,0.0,0.0,0.0,0.0,1.0,0.5536
1.0,0.3333333333333333,0.0,0.0,1.0,0.0,0.0,0.0,0.0,1.0,0.6964
1.0,0.3333333333333333,0.14285714285714285,0.0,1.0,0.0,0.0,0.0,0.0,1.0,0.6964
1.0,0.3333333333333333,0.42857142857142855,0.0,1.0,0.0,0.0,0.0,0.0,1.0,0.6964
1.0,0.3333333333333333,1.0,0.0,1.0,0.0,0.0,0.0,0.0,1.0,0.6964
1.0,0.6666666666666666,0.0,0.0,1.0,0.0,0.0,0.0,0.0,1.0,0.6964
1.0,0.6666666666666666,0.14285714285714285,0.0,1.0,0.0,0.0,0.0,0.0,1.0,0.6964
1.0,0.6666666666666666,0.42857142857142855,0.0,1.0,0.0,0.0,0.0,0.0,1.0,0.6964
1.0,0.6666666666666666,1.0,0.0,1.0,0.0,0.0,0.0,0.0,1.0,0.6964
1.0,1.0,0.0,0.0,1.0,0.0,0.0,0.0,0.0,1.0,0.6964
1.0,1.0,0.14285714285714285,0.0,1.0,0.0,0.0,0.0,0.0,1.0,0.6964
1.0,1.0,0.42857142857142855,0.0,1.0,0.0,0.0,0.0,0.0,1.0,0.6964
1.0,1.0,1.0,0.0,1.0,0.0,0.0,0.0,0.0,1.0,0.6964
