7
5
9
0
6
10
0
0
0
9
2
0
9
5
0
0
9
0
0
0
0
0
0
0
0
12
10
9
1
1
5
0
0
0
3
0
0
9
0
5
0
0
0
0
0
3
4
0
5
0
0
0
9
12
12
5
0
0
5
0
4
4
0
0
0
0
1
0
5
0
5
12
0
0
0
9
2
1
0
0
0
0
1
3
5
8
1
3
8
8
0
3
0
4
9
0
9
0
0
0
3
0
0
0
5
3
5
0
1
0
0
0
0
0
5
0
12
0
0
0
0
0
0
0
0
0
0
9
0
0
0
0
0
0
9
0
0
9
0
0
0
4
0
0
9
9
9
0
0
9
0
0
0
5
12
0
0
1
0
0
0
0
0
0
0
0
0
0
4
3
0
0
0
9
11
5
0
0
0
1
0
12
0
3
1
3
1
1
10
8
0
0
1
1
0
0
0
12
12
0
1
0
0
0
2
0
0
8
0
9
9
0
1
1
3
0
1
11
2
12
0
0
5
0
9
2
0
12
0
0
0
3
0
0
0
1
0
1
0
0
0
0
0
11
0
1
0
0
3
0
9
3
2
2
0
0
1
2
4
1
0
12
0
0
0
0
9
0
0
0
0
0
5
0
0
1
0
1
9
0
0
0
0
5
9
2
0
0
0
0
0
9
0
9
1
1
1
9
9
0
11
0
5
2
1
0
12
5
1
6
0
0
9
9
0
0
4
0
0
9
4
0
1
1
9
0
9
6
0
1
0
0
12
0
9
0
9
0
0
0
12
9
0
5
9
0
9
0
4
0
0
1
0
9
12
0
2
1
5
1
1
2
12
9
5
0
1
1
1
0
8
0
1
0
4
1
7
0
0
9
12
2
0
0
5
0
12
4
8
0
0
0
0
0
0
8
0
9
2
0
9
10
0
4
0
0
0
0
0
12
3
1
12
0
0
0
0
9
0
0
11
0
0
0
8
0
0
9
0
12
9
5
9
2
0
0
0
0
0
0
0
0
0
9
0
0
0
0
9
1
0
0
