-0.827171,-0.435045,-0.949593,0.334054,0.747835,0.132621,0.758847,0.131417,0.74407,0.737637,0.606298,1.11627,0.33213,0.605972,-0.0677185,-0.192729,-0.805764,1.75629,0.799266,0.479243,-0.20999,0.866655
-0.768992,-0.529611,-0.0575724,0.713581,1.03501,0.452726,1.27353,0.451521,1.67741,1.76392,1.54394,2.27066,1.15648,1.54428,-0.137489,-0.632879,-0.386529,1.83284,1.47605,1.30782,0.274371,1.79897
-0.907141,-0.721312,-0.109593,0.882719,1.32219,0.718919,1.58162,0.71996,1.19961,1.025,1.17262,1.72174,0.697392,1.17231,-0.290884,-0.279042,-0.660375,1.93706,1.13851,1.01507,-0.103363,1.39906
-0.907286,-0.647425,-0.113935,0.773398,1.32219,0.577399,1.28078,0.576194,1.33696,1.2046,1.33711,1.844,0.804787,1.33679,-0.279998,-0.280624,-0.611559,1.82768,1.43725,1.29052,0.0619853,1.80231
-0.923281,-0.604689,-0.130272,1.36538,1.89654,1.09294,2.04193,1.09398,1.83173,1.5484,1.89457,2.52599,1.21372,1.89458,-0.177569,-0.505444,-0.78101,1.90446,1.77637,0.0959484,-0.129692,2.26126
-0.813641,-0.720754,-0.0583076,0.713581,1.03501,0.445987,1.46926,0.444782,0.917481,0.89158,0.750096,1.44562,0.492632,0.750428,-0.312409,-0.114777,-0.798251,1.9331,1.32225,0.870451,-0.507488,1.67803
-0.820526,-0.654278,-0.0345722,-0.596201,-0.400868,-0.591827,-0.516988,-0.590783,-0.722765,-0.729953,-0.775537,-0.707623,-0.623807,-0.775551,-0.464567,0.677855,0.938069,0.831522,0.0459314,0.373735,-1.37681,0.0577496
-1.13304,-0.910083,-0.275948,-0.684895,-0.400868,-0.628892,-0.589479,-0.630095,-0.744508,-0.760742,-0.726291,-0.700138,-0.679865,-0.726305,-0.529636,1.13111,1.33618,0.816161,-0.443224,-0.513026,-0.828458,-0.474889
-1.41335,-0.710852,-0.564564,-0.146543,0.460659,-0.126833,-0.0457992,-0.12579,-0.465565,-0.46825,-0.485972,-0.424849,-0.407836,-0.486311,-0.350015,-0.0167145,1.12578,1.00275,0.170352,1.21405,-0.154951,0.277625
-1.42963,-0.841629,-0.576696,-0.185734,0.460659,-0.211071,-0.0457992,-0.212274,-0.0704849,-0.139838,-0.123523,-0.0522515,0.0211553,-0.123202,-0.361891,-0.005417,0.466622,1.4523,0.616871,1.19279,0.13314,0.719162
-1.59206,-0.927571,-0.741075,-0.241425,0.460659,-0.258244,-0.0530483,-0.257201,-0.43905,-0.437461,-0.480063,-0.370789,-0.304571,-0.480073,-0.326264,-0.173524,1.08331,1.04917,0.398664,1.97219,0.0665804,0.479235
-1.50579,-0.887884,-0.690066,-0.169232,0.460659,-0.167267,-0.0313011,-0.166224,-0.116091,-0.170627,-0.140267,-0.122113,-0.114564,-0.140274,-0.332449,-0.106642,0.816366,1.3449,0.664243,1.64324,0.680905,0.769861
-0.418039,-0.40702,0.343541,-0.678707,-0.688043,-0.7165,-0.694591,-0.715456,-0.907843,-0.873633,-0.896682,-0.890595,-0.748314,-0.896697,-0.471,0.862456,-0.364969,-1.28765,-0.791364,-0.8836,-0.889629,-0.754995
-0.36375,-0.196367,-0.913772,-0.47863,-0.400868,-0.558132,-0.495241,-0.557088,-0.704734,-0.658113,-0.825768,-0.711782,-0.360629,-0.825783,-0.35719,0.678533,-0.657768,-0.944524,0.022179,0.341447,0.359447,-0.0739313
-0.0334293,-0.369432,-0.930315,-0.676644,-0.688043,-0.706391,-0.709089,-0.705347,-0.606097,-0.637587,-0.494836,-0.678514,-0.685766,-0.495176,-0.464072,0.685989,-0.228441,-1.15788,-0.385891,-0.27405,-0.669302,-0.404482
-0.291414,0.222426,-0.762053,-0.521945,-0.400868,-0.585088,-0.513364,-0.585168,-0.778447,-0.801793,-0.782432,-0.748376,-0.619086,-0.782446,-0.407167,0.743154,0.648329,-1.08165,0.315795,-0.195734,-0.460503,0.311114
-0.242586,1.66304,-0.771129,-0.160982,-0.113692,-0.403134,-0.190781,-0.404337,-0.489959,-0.463119,-0.588403,-0.488889,-0.197176,-0.588087,-0.154807,0.101005,0.662337,-1.32657,0.224138,0.158906,-0.306493,0.128855
0.351518,0.383381,-0.935669,0.197919,-0.113692,-0.157158,0.15355,-0.156115,0.188836,0.337385,-0.123523,0.0874725,0.602978,-0.123858,0.107449,-0.341178,1.27536,-2.03633,2.52551,2.49162,1.63437,2.48822
-0.0285731,-0.232545,-1.09605,0.247423,0.173483,0.112404,0.316654,0.112323,1.35021,1.33288,0.890939,1.48388,1.982,0.890944,0.167075,-1.04072,1.60458,0.0247209,1.59173,1.57495,1.89965,1.89612
0.0525817,-0.0842364,0.608835,0.301052,0.173483,0.13936,0.197044,0.139279,0.543083,0.337385,0.152253,0.487516,1.12225,0.152578,0.217795,-1.06941,1.45291,-0.578631,1.03644,1.3628,1.24047,1.28229
-0.00919643,-0.34284,-1.16133,0.449562,0.173483,0.328054,0.381896,0.329096,0.444975,0.234757,0.0990673,0.495001,0.971781,0.0987351,0.342985,-0.982875,1.55462,-0.253218,1.45748,0.432268,0.934913,1.76254
-0.0084233,-0.264996,-0.877651,-0.292991,-0.400868,-0.332374,-0.281394,-0.332454,0.618386,0.450277,0.447727,0.667992,1.24912,0.447399,-0.157282,-0.540692,1.25533,-0.346033,0.456277,0.133224,0.459013,0.590477
0.33103,-0.0424511,-0.856053,-0.371372,-0.400868,-0.372808,-0.353884,-0.371765,0.731873,0.486197,0.651605,0.625576,1.08449,0.651936,-0.298059,0.131509,1.15954,-0.691506,1.24145,0.43011,1.39747,0.878206
0.475678,-0.0477631,-0.692639,-0.301242,-0.400868,-0.369439,-0.314015,-0.369518,0.647553,0.419488,0.611223,0.567358,0.804787,0.611554,-0.159508,-0.330785,0.372598,-0.563921,0.399576,-0.194607,0.432817,0.521579
0.227769,0.0408353,-0.908648,0.247423,0.173483,0.166316,0.164424,0.166235,-0.695719,-0.606799,-0.815919,-0.698475,-0.537654,-0.815933,-0.174848,0.439478,-0.967836,0.259867,0.116445,-0.0673856,0.810738,0.10441
-1.20388,0.0972449,-0.881328,0.0225939,0.460659,-0.0493334,0.110056,-0.0494139,0.422172,0.506723,0.163087,0.380228,0.809508,0.163412,0.0995319,0.0406767,0.232923,0.3587,0.103241,0.124004,1.21354,0.143836
0.406193,0.122504,-0.938013,-0.344558,-0.400868,-0.271722,-0.401003,-0.271802,-0.532914,-0.493907,-0.667196,-0.514671,-0.316373,-0.667538,-0.34383,0.908775,-0.76883,0.0509065,-0.457888,-0.00278576,0.543042,-0.656337
-0.178392,0.126745,-0.794727,-0.259989,-0.400868,-0.271722,-0.252398,-0.272925,-0.557839,-0.43233,-0.673106,-0.535464,-0.343517,-0.672791,-0.286183,0.730501,-1.34462,0.154564,-0.538698,-0.364583,-0.176639,-0.483278
0.0272858,0.330939,-0.833374,-0.643642,-0.688043,-0.578349,-0.611226,-0.579552,-0.664431,-0.622193,-0.785386,-0.645247,-0.440881,-0.785401,-0.447248,0.922784,-0.269935,-0.756129,-1.31766,0.638789,-0.365947,-1.08786
0.201482,0.013565,-0.889094,-0.247613,-0.400868,-0.170636,-0.332137,-0.169593,-0.625718,-0.586273,-0.761748,-0.607821,-0.359449,-0.761434,-0.325274,0.856807,-0.680675,0.10297,-0.872616,-0.199559,-1.10728,-0.79128
1.03521,0.107016,1.74007,-0.686957,-0.975219,-0.554763,-0.640223,-0.554842,-0.993222,-0.950605,-0.988279,-0.921368,-0.947763,-0.988296,-0.530873,1.10467,-0.734128,0.420486,-1.52623,-0.587002,-1.66656,-1.34247
1.0872,0.135609,1.7409,-0.785965,-0.975219,-0.662588,-0.748958,-0.662667,-1.03724,-0.991656,-1.04639,-0.953804,-0.971366,-1.04608,-0.573428,2.04575,-0.6359,0.432919,-1.83285,-0.637742,-0.728111,-1.53187
1.06679,0.197812,1.76417,-0.845781,-0.975219,-0.733348,-0.759832,-0.733427,-0.905721,-0.878765,-0.91244,-0.800773,-0.85984,-0.912785,-0.585304,2.00847,-0.313537,0.372344,-1.26906,-0.615417,-2.27156,-1.22317
1.1606,0.158475,1.85551,-0.911786,-1.00394,-0.800738,-0.861319,-0.80194,-1.06959,-1.01218,-1.08086,-0.982913,-0.99674,-1.08088,-0.596932,2.43981,-1.25071,0.434329,-1.84491,-0.575144,-2.18709,-1.66902
1.18278,0.157622,1.83439,-0.915912,-1.00394,-0.797369,-0.864944,-0.796324,-1.06747,-1.01218,-1.08185,-0.979586,-0.992609,-1.08219,-0.598664,2.52183,-1.52458,0.4301,-2.09188,-0.75524,-2.50403,-1.79776
1.14122,0.147118,1.82401,-0.874659,-0.975219,-0.760304,-0.832323,-0.761506,-0.942313,-0.89929,-0.965626,-0.854833,-0.8563,-0.965642,-0.581345,2.22471,-1.48433,0.445244,-1.92008,-0.675341,0.170423,-1.65272
0.571329,-0.0457301,1.18765,-0.435314,-0.688043,-0.329004,-0.375632,-0.327961,-0.448065,-0.478513,-0.406194,-0.36663,-0.469795,-0.405876,-0.469763,0.300519,-1.3314,1.09757,-0.426759,-0.101592,0.248841,-0.451897
0.530112,-0.125705,1.08543,-0.521945,-0.688043,-0.423351,-0.458996,-0.422307,-0.5939,-0.586273,-0.618936,-0.522157,-0.541195,-0.618948,-0.530626,0.692542,-1.51143,1.18417,-0.295372,-0.361358,0.404131,-0.369883
0.62743,0.0452947,1.35867,-0.697271,-0.688043,-0.598566,-0.647472,-0.598646,-0.809736,-0.776136,-0.827738,-0.750871,-0.71881,-0.828081,-0.557594,1.09631,-0.910621,0.869418,-0.704142,-0.170448,-0.2937,-0.717079
0.809478,0.0570444,1.30259,-0.631266,-0.688043,-0.548024,-0.589479,-0.548103,-0.693598,-0.673507,-0.726291,-0.652732,-0.614955,-0.725977,-0.549182,0.999607,-0.978842,0.726924,-0.295586,0.484159,0.00187543,-0.508888
0.771546,0.00676655,1.40757,-0.668394,-0.688043,-0.558132,-0.614851,-0.557088,-0.78269,-0.75561,-0.780462,-0.704297,-0.693437,-0.780804,-0.557594,1.11529,-1.65531,0.858828,-0.883302,-0.304719,-0.0202537,-0.8433
0.720616,-0.00620733,1.16385,-0.7509,-0.975219,-0.662588,-0.716338,-0.661543,-0.79966,-0.771005,-0.811979,-0.737564,-0.692847,-0.811994,-0.551161,1.03192,-1.84808,0.742809,-1.2472,-1.95548,-0.053015,-1.00779
2.00525,0.548915,2.50227,-0.668394,-0.975219,-0.544654,-0.589479,-0.544733,-0.6464,-0.606799,-0.523399,-0.635266,-0.752445,-0.523739,-0.431661,0.192063,-1.86137,-1.15526,-1.4916,-1.53302,0.0914629,-1.23747
2.10619,0.565397,2.66899,-0.703459,-0.975219,-0.585088,-0.6221,-0.586291,-0.642158,-0.658113,-0.551961,-0.623623,-0.682815,-0.552301,-0.447743,0.284476,-0.39285,-1.51497,-1.01738,-0.818221,-0.326874,-0.989273
2.15536,0.58811,2.66789,-0.849907,-1.00394,-0.746826,-0.752583,-0.746905,-0.822993,-0.801793,-0.777507,-0.740059,-0.811453,-0.77785,-0.502421,0.786763,-0.579551,-1.49657,-1.25983,-1.61742,-0.133517,-1.27699
2.14117,0.633163,2.56394,-0.818967,-1.00394,-0.719869,-0.745334,-0.721072,-0.78322,-0.760742,-0.708563,-0.755862,-0.822665,-0.708248,-0.496978,0.710843,-0.647002,-1.43074,-1.20291,-1.49183,-0.0418655,-1.15231
2.20539,0.710285,2.6544,-0.798341,-0.975219,-0.686174,-0.712713,-0.687376,-0.722765,-0.724822,-0.650453,-0.674356,-0.743004,-0.650137,-0.496978,0.613685,-0.298692,-1.56221,-1.34991,-1.18539,0.0268964,-1.2119
2.37319,0.703694,1.5271,-0.901473,-1.06137,-0.804108,-0.839572,-0.804186,-0.964586,-0.919816,-0.938048,-0.879783,-0.913538,-0.938393,-0.507864,1.11145,1.07591,-1.49804,-1.49982,-0.307381,-0.922714,-1.33327
-0.774114,-0.748637,-0.0128587,-0.202235,-0.113692,-0.544654,-0.513364,-0.544733,-0.720113,-0.714559,-0.700684,-0.841526,-0.57542,-0.700369,-0.407167,0.288318,0.779874,0.281191,-0.69253,0.478164,-0.788675,-0.806538
-0.755366,-0.732919,-0.0378809,-0.400249,-0.400868,-0.696283,-0.687341,-0.695239,-0.684052,-0.658113,-0.626815,-0.819902,-0.594893,-0.627156,-0.500442,0.697061,0.386298,0.650102,-0.731695,0.461079,-0.855298,-0.861964
-0.719584,-0.678051,0.0268918,-0.394061,-0.400868,-0.639001,-0.643847,-0.640203,-0.417307,-0.437461,-0.320506,-0.635266,-0.426719,-0.320187,-0.496236,0.734116,0.52528,1.04514,-0.886138,0.33556,-1.41491,-1.14283
-0.673704,-0.68721,-0.0816065,-0.358996,-0.113692,-0.672696,-0.636598,-0.672775,-0.497384,-0.499039,-0.417028,-0.689326,-0.468615,-0.417038,-0.497473,0.710392,0.0862836,0.763736,-0.921617,0.784642,0.13069,-1.11584
-0.63367,-0.645447,0.132242,-0.383748,-0.400868,-0.652479,-0.647472,-0.652558,-0.357382,-0.370753,-0.239743,-0.595345,-0.431439,-0.239751,-0.495741,0.634021,-0.372993,0.869327,-1.27317,-0.0728529,-1.06983,-0.96809
-0.601416,-0.625609,0.0523735,-0.272365,-0.113692,-0.558132,-0.585855,-0.558211,-0.25079,-0.278387,-0.167845,-0.473087,-0.272117,-0.167852,-0.494999,0.800545,-0.751888,1.2219,-1.05706,0.519816,-0.413029,-0.65536
-1.0974,-0.682565,-0.309058,0.286613,0.747835,0.0618611,0.512379,0.0606571,-0.133592,-0.139838,-0.0821571,-0.148728,-0.201306,-0.0818348,-0.358427,-0.193859,0.360524,1.82401,0.949199,-0.25121,-1.03168,1.22225
-1.07196,-0.773262,-0.273144,0.519692,1.03501,0.226968,0.704479,0.225764,0.12626,0.126996,0.219227,0.16981,0.0270561,0.219553,-0.3228,-0.252832,0.577732,1.69409,1.23908,-0.0573503,-0.959303,1.53444
-1.05851,-0.721793,-0.297661,0.334054,0.747835,0.0719697,0.613866,0.0718889,0.394596,0.265545,0.458561,0.427634,0.232405,0.45889,-0.375004,-0.104835,0.416055,1.86615,1.14285,0.141329,-1.19876,1.42577
-0.892838,-0.734373,-0.136085,0.268049,0.460659,-0.106615,0.450762,-0.105573,-0.359503,-0.314307,-0.371722,-0.273481,-0.271526,-0.371403,-0.446259,0.210365,0.307802,1.80095,0.987093,0.761502,-0.941055,1.19744
-0.902382,-0.712721,-0.187761,0.342305,0.747835,0.0113182,0.53775,0.0123607,-0.172834,-0.0885238,-0.169814,-0.135421,-0.160001,-0.169493,-0.42028,0.162012,0.399392,1.72281,1.10772,0.433095,-1.44936,1.32763
-0.951476,0.811103,-0.267561,0.505254,1.03501,0.14273,0.635613,0.143772,0.134745,0.347648,0.234986,0.154839,0.0654116,0.234655,-0.331954,-0.0510588,0.475646,1.79444,0.986267,-0.0575422,-1.43714,1.21887
1.32678,0.441452,-0.159591,-0.701396,-0.975219,-0.618784,-0.698215,-0.61774,-0.588597,-0.57601,-0.582494,-0.440651,-0.605514,-0.582506,-0.39925,0.828789,-1.50803,-0.708854,-1.2439,-1.91253,0.206283,-1.16552
1.67036,0.45777,-0.405792,-0.738524,-0.975219,-0.595197,-0.70184,-0.596399,-0.564733,-0.601667,-0.545067,-0.409047,-0.630298,-0.545079,-0.540275,0.960744,-0.486393,-0.575306,-1.47624,-1.6802,-0.157435,-1.19837
1.64308,0.374243,2.04888,-0.734398,-0.975219,-0.601936,-0.727211,-0.600892,-0.704204,-0.704296,-0.688865,-0.565404,-0.712909,-0.68855,-0.530626,0.897026,-1.286,-0.428295,-1.17585,-1.56618,-0.269434,-1.14656
1.80245,0.410028,2.46567,-0.672519,-0.975219,-0.524437,-0.687341,-0.523393,-0.703674,-0.704296,-0.674091,-0.59285,-0.725301,-0.673776,-0.527904,0.921429,-2.3279,-0.628942,-1.43204,-2.49169,0.304071,-1.25409
1.81619,0.602417,2.40873,-0.86022,-1.00394,-0.729978,-0.839572,-0.730057,-0.802842,-0.786399,-0.785386,-0.69099,-0.821485,-0.785072,-0.540522,1.02333,-2.13279,-0.803513,-1.66195,-2.03423,-0.989538,-1.4755
1.80576,0.463825,-0.0717723,-0.792153,-0.975219,-0.655848,-0.741709,-0.655928,-0.650113,-0.658113,-0.614996,-0.522157,-0.692847,-0.61468,-0.510833,0.601258,-1.85783,-0.655778,-1.49498,-2.64054,-0.687646,-1.27615
-0.335531,-0.408026,-1.13286,0.402121,0.460659,0.334793,0.34565,0.333588,0.120426,0.157785,0.259608,0.0184422,0.0117139,0.259606,-0.074646,-0.525553,-0.369405,0.0507619,0.252221,0.00407228,-0.0570876,0.217538
-0.417,-0.333341,-1.15623,0.620762,0.747835,0.594247,0.429015,0.593041,0.0742895,0.132128,0.0705048,-0.023974,0.114979,0.0705005,0.043122,-0.43088,-0.00387273,0.198207,0.33005,-0.249987,-0.235811,0.218548
-0.258411,-0.381346,-1.16071,0.987914,1.03501,1.06598,0.443513,1.0659,1.27968,1.00447,1.56167,0.527437,0.580555,1.56135,0.593118,-0.349764,0.141439,0.241163,-0.170016,-0.895578,-0.687907,-0.23271
-0.148312,-0.374689,-1.12546,0.288676,0.173483,0.459465,0.0339405,0.458261,1.30302,1.10197,1.76357,0.587318,0.723945,1.76326,-0.0132879,-0.0379538,-0.107065,0.16651,-0.529022,-1.26555,-0.639372,-0.716757
-0.277836,-0.379236,-1.16836,0.430999,0.460659,0.466204,0.269535,0.466123,0.272625,0.42462,0.297035,0.0982845,0.319148,0.297362,0.0282773,-0.366485,-0.0884201,0.222061,-0.0334535,-0.811459,-0.271419,-0.28544
-0.431762,-0.224173,-1.16206,0.719769,0.747835,0.685224,0.483382,0.684018,1.06438,1.03013,1.16475,0.564031,0.783544,1.16475,0.216805,-0.749243,0.430659,0.273475,0.436992,-0.0198829,0.680383,0.404235
-0.825044,-0.627325,-0.117566,-0.44769,-0.400868,-0.507589,-0.451747,-0.507669,-0.670795,-0.668376,-0.583479,-0.717604,-0.627347,-0.583819,-0.50539,0.871268,-0.0248364,0.810685,-0.0985347,1.2296,-0.461867,-0.203859
-1.01992,4.27813,-0.213702,-0.183671,0.173483,-0.211071,-0.0566728,-0.210028,-0.277305,-0.28865,-0.190498,-0.343343,-0.266806,-0.190177,-0.460608,0.517882,0.101898,1.2909,0.270836,0.960673,-1.1837,0.209826
-1.04942,-0.754211,-0.206993,-0.264114,-0.113692,-0.238027,-0.223401,-0.238107,-0.280487,-0.339964,-0.132388,-0.384928,-0.340566,-0.132723,-0.496236,0.802579,-0.591721,1.76755,0.340336,-0.295535,-0.407553,0.421223
-1.0515,-0.814216,-0.260047,-0.218736,0.173483,-0.180745,-0.201654,-0.180825,-0.400867,-0.391278,-0.278155,-0.473087,-0.409016,-0.278492,-0.497968,0.748125,-0.336934,1.61049,0.189693,1.06184,-1.35772,0.244924
-0.999096,-0.527687,-0.21469,-0.251738,-0.113692,-0.204332,-0.201654,-0.204412,0.545204,0.347648,0.833814,0.368584,0.174577,0.83349,-0.390838,0.335315,-0.0865633,1.29894,-0.0839925,1.37471,-0.976761,-0.140188
-1.05486,-0.783798,-0.218367,-0.330119,-0.113692,-0.352591,-0.234275,-0.353794,-0.409352,-0.437461,-0.278155,-0.489721,-0.455633,-0.278164,-0.510833,0.888892,-0.664329,1.77536,0.269093,0.288489,-1.57766,0.290641
-1.42169,-1.03791,-0.5988,-0.0289723,0.460659,0.00120957,-0.0457992,0.00225211,0.122548,-0.0987867,0.233016,0.0816507,0.0276462,0.232685,-0.351995,-0.00247965,1.40866,1.11163,0.522088,0.275564,-0.951081,0.593251
-1.29158,-0.889786,-0.70723,0.857967,1.60936,0.981742,0.838587,0.980536,0.0795926,0.404094,0.203468,-0.00401344,-0.15882,0.203794,-0.0654918,-0.606895,0.922165,1.30147,0.706757,0.469855,0.0433541,0.792243
-1.40427,-0.966657,-0.731011,0.148416,0.747835,0.196642,0.255037,0.197684,0.558462,0.419488,0.689031,0.551556,0.276072,0.689363,-0.163714,-0.639658,0.445148,0.946348,1.14004,-0.856216,0.690004,1.3474
-1.41637,-0.977029,-0.661183,0.164917,0.747835,0.328054,0.0955575,0.326849,0.0981534,0.0705506,0.222182,0.0442246,-0.128726,0.222508,-0.163219,-0.503184,0.746076,1.096,0.50666,-0.192461,-0.389891,0.600108
-1.28699,-0.951847,-0.475551,-0.0330976,0.460659,0.0686001,0.0121933,0.0685193,-0.288442,-0.339964,-0.192468,-0.305085,-0.387773,-0.192147,-0.308698,-0.305026,0.53948,1.26133,0.607323,-0.953919,0.121421,0.64486
-1.33908,-1.03616,-0.655324,-0.391999,-0.113692,-0.281831,-0.314015,-0.280788,-0.396625,-0.411804,-0.28505,-0.369957,-0.5052,-0.285058,-0.396529,0.0808958,0.751464,0.981587,-0.312757,-1.77815,-0.857434,-0.324865
0.546734,0.0924138,-0.94162,0.257736,-0.113692,0.294359,0.27316,0.294277,0.96733,0.78382,1.0958,1.02645,0.650185,1.09581,0.738596,-1.80601,0.557605,0.207586,0.362761,1.39754,1.87429,0.39467
0.646275,0.0330094,0.900025,-0.445627,-0.688043,-0.372808,-0.364758,-0.374011,0.467248,0.250151,0.53243,0.586487,0.276662,0.532431,0.0735536,-1.29017,0.818136,0.174353,0.0243052,1.07178,1.87156,-0.0680058
0.579689,0.0584216,0.568051,-0.620953,-0.688043,-0.564871,-0.545985,-0.566074,0.41793,0.229625,0.498943,0.521615,0.221784,0.498944,0.164849,-1.34711,0.963795,-0.106623,-0.626045,1.30977,0.711718,-0.687285
0.532794,0.330917,0.213352,-0.210485,-0.400868,-0.14705,-0.11829,-0.146007,1.87734,1.52788,2.07284,1.97208,1.34235,2.07253,0.578768,-1.79946,1.00382,0.410908,0.155315,0.875703,1.97159,0.15997
0.475219,0.155698,-0.956946,-0.358996,-0.400868,-0.315526,-0.328513,-0.316729,1.99189,1.88708,2.18807,2.05109,1.41257,2.18776,0.427847,-1.61486,0.970115,0.46693,-0.090694,0.878628,1.63342,-0.138701
0.615664,0.315057,0.656076,0.179355,-0.113692,0.203381,0.269535,0.202177,0.711721,0.81974,0.719564,0.815202,0.61773,0.719896,1.17231,-2.26401,0.889109,0.495645,1.19701,1.78669,3.36816,1.39298
0.299018,0.0973104,-0.879857,0.247423,-0.113692,0.189903,0.392769,0.189822,1.94575,1.80498,2.05215,2.07438,1.59668,2.05184,1.54392,-2.29158,1.49001,0.272264,1.07815,1.95096,2.44452,1.0586
-0.054932,-0.369104,0.710027,-0.418813,-0.400868,-0.35933,-0.426375,-0.35941,2.64523,2.51311,2.81152,2.63993,1.93657,2.81122,-0.204537,-0.502054,0.024066,-0.0675701,-0.666937,-0.23205,-0.0965261,-0.80373
-0.143915,-0.351026,0.596818,-0.336307,-0.400868,-0.271722,-0.321264,-0.271802,0.646493,0.516985,0.804266,0.609774,0.379336,0.804599,-0.1412,-0.701794,-0.424195,0.296462,-0.245514,-1.6626,-0.0979367,-0.222623
-0.0508248,-0.3895,-0.912852,-0.495131,-0.400868,-0.470524,-0.43,-0.469481,1.56658,1.82037,1.74781,1.66852,1.17418,1.74816,-0.31513,-0.20719,-0.491425,-0.367014,-0.429417,-0.635332,-0.788155,-0.507579
0.0867928,-0.263739,-1.10115,-0.544635,-0.688043,-0.453677,-0.538736,-0.454879,0.395126,0.126996,0.488109,0.443436,0.209982,0.487781,-0.404446,0.075247,0.0369867,-0.107147,-0.52011,-0.461051,-0.621671,-0.507545
0.0777568,-0.369847,0.76469,-0.521945,-0.688043,-0.436829,-0.535111,-0.438032,0.159669,0.003842,0.242865,0.10078,0.096096,0.242863,-0.362881,-0.0436025,-0.49307,-0.224828,-0.516121,-0.551309,-0.0979054,-0.462006
0.11808,-0.308137,0.654537,-0.577637,-0.688043,-0.514328,-0.58223,-0.513285,0.217473,0.126996,0.23597,0.196424,0.236536,0.23564,-0.403951,0.175569,-1.27193,-0.445824,-0.672389,-0.382268,0.238801,-0.608556
-0.705306,-0.581025,-0.00316237,1.35713,1.60936,1.38946,1.00894,1.38825,0.485279,0.306597,0.560007,0.321177,0.401169,0.560337,1.40191,-1.47951,1.26069,-0.0653111,1.52664,0.465251,0.757575,1.48771
-0.687064,-0.618067,-0.46227,1.55927,1.89654,1.66913,1.12492,1.66904,0.911117,0.717111,0.960868,0.700428,0.885038,0.960546,1.93929,-1.45805,0.697261,-0.491671,0.481768,-0.292118,0.156181,0.597245
-0.669645,-0.604962,-0.380379,2.71023,3.04524,2.79118,2.33914,2.78997,1.9956,1.93326,2.01374,1.80907,1.99145,2.01376,3.52792,-2.13544,1.347,-0.779713,1.76485,0.196037,0.660417,1.90782
-0.690688,-0.612482,0.000491005,5.55668,6.20417,6.11016,4.26739,6.11119,3.29167,3.12375,3.73439,2.49771,2.23515,3.73443,7.17427,-2.94163,1.66212,-1.10693,1.8197,0.407294,1.59153,1.82435
-0.622798,-0.509948,-0.935003,1.91611,2.18371,1.93532,2.04556,1.93636,1.6965,1.5484,1.63159,1.56705,1.63208,1.63161,2.31535,-1.54233,1.35915,-1.35124,1.35907,1.00296,0.669941,1.66811
-0.362518,4.25681,-1.15271,4.92757,5.05547,5.133,4.65159,5.13403,3.41948,3.32388,3.92448,2.67569,2.13307,3.92485,5.80064,-2.57514,0.941167,-1.38574,2.21509,0.529108,0.80745,2.64341
-0.0959322,-0.464479,-0.941505,-0.771526,-0.688043,-0.760304,-0.756208,-0.760383,-0.975722,-0.89929,-1.02866,-0.938833,-0.825615,-1.02835,-0.492277,1.10106,-1.94001,0.0769294,-1.0952,-1.64549,-0.986865,-1.02763
-0.00545157,-0.402637,0.282536,-0.905598,-0.975219,-0.85802,-0.886691,-0.856976,-1.02928,-0.965999,-1.08086,-1.00287,-0.907047,-1.08121,-0.554625,1.47388,-2.25974,-0.480991,-1.30909,-0.979912,-0.82641,-1.25787
-0.109679,-0.401533,0.397123,-0.752962,-0.688043,-0.723239,-0.763457,-0.722195,-0.861706,-0.801793,-0.892742,-0.806595,-0.796111,-0.893086,-0.471742,1.25064,-1.28002,0.0338832,-1.20436,-0.194607,-1.01212,-1.03944
0.0205208,-0.364721,0.639303,-0.936538,-0.975219,-0.884976,-0.915687,-0.885055,-1.01125,-0.950605,-1.02866,-0.961289,-0.873412,-1.02835,-0.557099,1.77597,-1.58131,-0.725914,-1.1895,-0.503087,-0.658053,-1.10686
-0.0566474,-0.429984,0.400409,-0.7509,-0.688043,-0.726609,-0.806951,-0.725564,-0.806554,-0.745347,-0.919335,-0.831545,-0.673374,-0.919679,-0.451702,1.11778,-1.00992,-0.322631,-0.839864,0.271704,0.306484,-1.12346
-0.0541106,-0.43464,0.379867,-0.924162,-0.975219,-0.86139,-0.901189,-0.861468,-1.03247,-0.971131,-1.09465,-1.00786,-0.835057,-1.095,-0.555862,1.81709,-1.80069,-0.759599,-0.96748,-0.789206,-0.221926,-1.01445
0.937456,0.12892,-0.827814,0.296926,-0.113692,0.402183,0.160799,0.403225,0.0387588,-0.0372095,0.201498,0.0226007,-0.191275,0.201167,-0.380447,0.0108514,-0.00944316,0.405523,-0.147405,0.62548,0.592799,-0.231733
1.1231,0.293766,-0.612081,-0.00215785,-0.400868,0.135991,-0.0276766,0.134787,-0.363215,-0.386147,-0.368767,-0.290115,-0.328175,-0.368777,-0.440568,0.305716,-0.600832,0.176449,0.390822,0.359012,0.441837,0.288155
1.31168,0.253686,1.90011,-0.0269096,-0.400868,0.125882,-0.0204275,0.126924,-0.641628,-0.652982,-0.605147,-0.606989,-0.64977,-0.605487,-0.409394,0.117726,-1.54354,-0.101797,-0.721909,-0.505149,0.314812,-0.778542
1.21854,0.264452,1.68414,0.451625,-0.113692,0.577399,0.508754,0.577317,-0.314427,-0.370753,-0.28505,-0.253521,-0.378332,-0.285058,-0.289152,-0.131271,0.00328513,0.0720321,0.741199,-0.173326,-0.0132631,0.683453
1.35086,0.389119,1.5839,-0.181608,-0.400868,-0.0324857,-0.234275,-0.0314431,-0.684583,-0.68377,-0.694774,-0.641088,-0.653311,-0.694787,-0.461351,0.403326,-0.552603,0.0750861,-0.255587,0.285024,0.280473,-0.318962
1.25872,0.319703,-0.558452,-0.262052,-0.688043,-0.0965067,-0.357509,-0.0977103,-0.459201,-0.375884,-0.452485,-0.419027,-0.474515,-0.452824,-0.355458,-0.0049651,-1.60693,-0.0538177,-0.958823,-0.537245,1.45321,-1.01018
-0.0569374,3.23294,-1.08543,0.482565,0.460659,0.247185,0.146301,0.245981,-0.598142,-0.242467,-0.758794,-0.794951,-0.671013,-0.758479,0.882343,0.408297,-0.873899,-1.00172,0.927489,0.420099,0.837329,0.75295
0.0964086,2.68278,-1.01965,-0.301242,-0.400868,-0.393025,-0.498866,-0.393105,-0.802311,-0.688902,-0.945927,-0.865645,-0.64682,-0.945944,-0.230268,1.01,-0.459272,-1.16156,-0.336483,0.560748,0.676522,-0.404415
0.399307,2.76684,-0.85688,-0.138293,-0.400868,-0.291939,-0.303141,-0.293143,-0.660719,-0.550353,-0.797205,-0.679346,-0.446191,-0.797548,-0.16891,0.859518,-0.113501,-0.760376,0.996657,1.74573,1.55189,0.84586
0.581211,2.6857,-0.787236,-0.330119,-0.400868,-0.585088,-0.545985,-0.584044,-0.897237,-0.786399,-0.935093,-0.86814,-0.741823,-0.93511,-0.402961,0.708132,-0.270474,-1.13597,0.707443,1.99681,1.13625,0.504002
1.51938,0.39759,-0.513463,-0.449753,-0.688043,-0.686174,-0.785204,-0.686253,-0.88663,-0.812056,-0.874029,-0.962121,-0.78667,-0.873716,-0.446259,0.60894,-0.346536,-2.44668,0.153387,1.95172,1.4212,0.156519
-0.610983,3.08872,-0.645053,-0.0846638,0.173483,-0.302048,-0.111041,-0.302128,-0.510641,-0.314307,-0.706593,-0.557919,-0.397804,-0.706278,-0.0333283,0.645544,-0.103708,-0.613871,-0.460216,0.640515,0.795232,-0.600578
0.545913,0.198795,-0.743625,-0.334244,-0.400868,-0.409873,-0.448122,-0.408829,-0.955571,-0.847976,-1.01684,-0.962952,-0.769557,-1.01653,-0.327501,1.19302,-0.947142,-1.11893,0.892848,0.660718,0.715566,0.313555
-0.3875,0.0701385,-0.757894,0.169042,0.173483,0.253924,0.19342,0.253843,0.799752,0.814609,1.00519,0.648032,0.479061,1.0052,-0.12784,-0.80912,0.379833,0.422528,0.243632,-0.79423,-0.761204,0.258994
0.671402,0.000744135,-0.853319,0.453688,0.173483,0.590877,0.378271,0.589672,-0.248138,-0.262993,-0.191483,-0.172847,-0.281558,-0.191818,-0.166188,-0.70089,0.879536,0.267529,0.21946,-1.00766,-0.542112,0.0999382
0.0485711,-0.0218372,-0.838774,0.148416,-0.113692,0.243816,0.182546,0.243734,-0.332988,-0.298913,-0.273231,-0.305917,-0.406066,-0.273239,-0.114974,-0.607799,1.15572,0.186533,-0.238298,-0.99695,-1.18107,-0.272568
-0.218764,0.0109746,-0.820002,0.228859,0.173483,0.28088,0.280409,0.280799,-0.322912,-0.25273,-0.326416,-0.24354,-0.273887,-0.326097,-0.151096,-0.684396,1.33712,0.315292,0.0826647,-1.1817,-1.60886,0.179366
-0.388587,0.00145458,-0.809042,-0.160982,-0.113692,-0.123463,-0.0639219,-0.12242,-0.0954094,-0.186021,-0.0811721,0.0142837,-0.0880103,-0.0815065,-0.170889,-0.837816,1.19946,0.364067,0.132127,-1.67069,-1.46429,0.0834822
0.305855,0.0203416,-0.845851,0.0329072,-0.113692,0.125882,0.0230669,0.125801,-0.060409,-0.129575,-0.0191225,0.059195,-0.0632268,-0.0191278,-0.170394,-0.803471,0.833481,0.340918,-0.129205,-1.32861,-1.00753,-0.111149
-0.850389,-0.760419,-0.163336,-0.375497,-0.113692,-0.393025,-0.553234,-0.394228,-1.02769,-0.945473,-1.0129,-1.01285,-0.942452,-1.01292,-0.188208,1.11981,-0.394399,-0.330926,-1.10587,-0.882066,-0.139272,-1.03968
-0.825093,-0.770267,-0.244882,-0.726148,-0.688043,-0.723239,-0.759832,-0.722195,-1.03353,-0.986525,-1.07397,-0.997883,-0.888164,-1.07398,-0.494256,1.01294,-0.0691786,0.0133721,-0.190481,-0.366094,-0.713045,-0.254991
-0.819995,-0.753752,-0.370292,-0.26824,-0.113692,-0.207701,-0.386505,-0.206658,-0.826705,-0.806925,-0.850391,-0.804931,-0.71645,-0.850078,-0.216413,0.46614,-0.301857,0.107452,-0.41359,-0.274326,0.412483,-0.406446
-0.820792,-0.78476,-0.265424,-0.443565,-0.400868,-0.35933,-0.506115,-0.360533,-0.771553,-0.740216,-0.832662,-0.80909,-0.648,-0.832349,-0.363623,0.933404,-0.287801,0.307883,-0.392834,-0.113869,0.381181,-0.398568
-0.849785,-0.785777,-0.678508,-0.569386,-0.400868,-0.544654,-0.632973,-0.54361,-0.938601,-0.904422,-0.919335,-0.903902,-0.881083,-0.919679,-0.391333,0.339608,-0.265183,0.0579905,0.22772,0.340488,0.351343,0.284704
-0.85725,-0.802062,-0.149091,-0.600326,-0.400868,-0.548024,-0.629349,-0.548103,-1.02239,-0.940342,-1.06018,-0.970438,-0.888164,-1.05987,-0.49005,0.843476,-0.156237,0.0903023,-0.700543,-0.57307,-0.906478,-0.722705
-1.15276,-0.921702,-0.533522,-0.0681626,0.460659,-0.133572,-0.0929181,-0.133652,1.03998,0.814609,1.09974,1.1013,0.733387,1.10008,0.135159,-1.09043,1.33997,0.469225,0.351379,1.12552,-0.0174715,0.405333
-1.05764,-0.759567,-0.247479,-0.264114,-0.113692,-0.291939,-0.107416,-0.293143,0.613614,0.49646,0.652589,0.668824,0.535709,0.652921,0.0109584,-0.944238,1.49018,-0.206232,0.321753,1.14541,0.652998,0.241539
-0.986436,-0.696905,-0.195504,-0.352808,-0.113692,-0.376178,-0.223401,-0.375134,1.01188,0.763294,0.806236,0.985698,1.15766,0.805912,-0.0511419,-0.649148,1.437,-0.179902,1.19746,0.881913,0.166343,0.586992
-0.992089,-0.730504,-0.359631,-0.247613,-0.113692,-0.248136,-0.11829,-0.247092,1.224,0.994209,1.30953,1.29675,1.0184,1.30987,0.298204,-1.16115,1.22017,-0.171355,0.944318,0.930351,0.758978,0.752728
-1.01449,-0.770518,-0.281003,-0.309493,-0.113692,-0.312157,-0.19803,-0.311113,1.41703,1.2046,1.4809,1.44895,1.20545,1.48124,0.0356996,-1.02129,1.37009,-0.301704,0.0456984,0.953215,0.0977717,0.0292874
-0.919995,-0.714535,-0.149573,-0.497194,-0.400868,-0.50422,-0.408252,-0.505422,0.0292132,-0.078261,-0.0516247,0.0201056,0.213523,-0.0513021,-0.162725,-0.697049,1.21487,-0.398477,-0.166904,0.0786475,0.166719,-0.239312
0.389933,0.783581,-0.845139,-0.10529,-0.400868,-0.332374,-0.274145,-0.332454,0.1602,-0.00642087,0.144373,0.146523,0.245387,0.14437,7.23204e-05,-0.756022,1.71823,-0.597118,0.814112,2.05308,1.52031,0.784242
1.30114,0.619588,-0.563461,0.278362,-0.113692,0.328054,0.302156,0.329096,1.99083,1.4817,2.41263,1.84234,1.21313,2.41233,0.433785,-1.40947,1.0372,-0.9425,0.251384,0.748229,0.740093,0.279311
1.0686,0.242482,0.743688,-0.507507,-0.688043,-0.50085,-0.469869,-0.50093,0.294898,0.0756821,0.481214,0.239672,0.0719025,0.481215,-0.187218,-0.719418,1.03652,-1.01858,0.0909347,1.00995,0.218658,0.0367442
1.17362,0.376025,-0.691444,-0.519883,-0.688043,-0.477263,-0.484368,-0.47622,-0.516475,-0.524696,-0.442636,-0.508018,-0.532344,-0.442975,-0.117448,-0.722807,0.361419,-1.54453,-0.196546,-0.157751,0.232289,-0.194405
1.16732,0.483597,1.09931,-0.75915,-0.975219,-0.777151,-0.767081,-0.776107,-0.163819,-0.278387,-0.0900364,-0.191144,-0.237302,-0.0897142,-0.355211,-0.27249,-0.0101551,-1.58469,-0.411175,-0.0706588,0.508718,-0.51903
1.67026,0.729762,-0.659138,-0.557011,-0.688043,-0.544654,-0.567732,-0.545857,-0.230638,-0.293781,-0.184588,-0.257679,-0.29454,-0.184595,-0.24536,-0.343438,0.657229,-2.59899,0.208754,1.42349,1.19836,0.291939
0.375582,-0.0584307,0.807105,1.95117,1.32219,1.7938,2.17966,1.79371,2.7428,2.76455,2.20383,3.02583,3.77645,2.20352,1.24826,-2.15262,0.606825,1.36277,2.18924,2.25701,2.69547,2.78499
0.707691,0.21542,1.03433,1.74078,1.03501,1.74663,1.71935,1.74542,1.63287,1.72287,1.279,1.92384,2.33133,1.27901,0.883827,-1.69891,-0.197337,0.919385,1.29131,1.54936,1.98678,1.43735
0.830909,0.209824,1.14099,2.26263,1.32219,2.24195,2.47325,2.24074,2.19924,2.25654,1.87881,2.32222,2.60572,1.87883,1.38162,-2.1664,0.52274,0.830148,2.11618,1.30503,2.33292,2.35348
1.16944,4.02917,1.40008,2.07287,1.03501,1.98249,2.24128,1.98128,2.22681,2.82613,1.91919,2.06024,2.39093,1.91954,1.33709,-1.55837,-0.682195,1.04108,0.726377,0.428875,1.38032,0.705968
0.7844,0.162377,0.760944,2.57822,1.60936,2.50814,2.93357,2.50805,1.5162,2.57469,1.1155,1.60198,2.27233,1.11518,2.09491,-2.11421,0.0893815,0.806475,1.10079,1.36376,1.50729,1.05344
0.932334,0.298651,1.20558,5.12559,3.33241,4.95105,5.84769,4.95208,4.73942,5.23277,4.01903,5.1167,6.70917,4.0194,4.75731,-3.03789,1.22502,0.907567,2.98142,2.68546,1.82183,3.5599
1.06034,0.393414,1.3362,4.31497,2.75806,4.16932,4.90894,4.17035,3.0297,3.77545,2.67659,3.13395,3.48731,2.67629,3.40941,-2.81013,0.823812,0.656897,2.60926,1.55521,2.09562,2.75379
-0.794482,-0.628046,-0.415304,0.127789,0.460659,0.193273,-0.0457992,0.193192,-0.231699,-0.211678,-0.223,-0.323383,-0.207797,-0.223336,0.419188,-0.0826918,0.657402,-0.860637,0.751419,0.238517,-0.962113,-0.421337
-0.848722,-0.750484,-0.631681,0.14429,0.460659,0.21012,-0.161784,0.210039,-0.153213,-0.237335,-0.0811721,-0.318392,-0.230221,-0.0815065,0.52607,-0.0140031,1.47337,-1.06199,1.32577,-0.609303,0.181045,0.45388
-0.878439,-0.76243,-0.474953,0.051471,0.173483,0.0854478,-0.161784,0.0842438,0.0615621,-0.032078,0.091188,0.0134521,-0.00362826,0.091184,0.0361944,0.123148,1.24843,-1.19406,1.92686,-0.222962,0.150917,-0.00328055
-0.770539,-0.598262,-0.494714,0.216483,0.460659,0.28425,-0.0204275,0.285292,-0.359503,-0.304044,-0.355963,-0.414868,-0.375971,-0.355973,0.174745,0.241094,1.08853,-1.70537,0.228669,0.0482179,0.83025,0.155287
-0.876192,-0.687451,-0.3577,2.45652,3.04524,2.64966,1.35327,2.64957,1.02938,0.799214,1.02784,0.310366,0.299675,1.02785,2.04444,-0.635139,1.27005,-1.28873,2.05458,0.919645,1.52232,0.607565
-0.678536,-0.468031,-0.431549,0.72802,1.03501,0.884026,0.396394,0.88282,-0.0630605,-0.0833924,-0.0654135,-0.172015,-0.148199,-0.0657476,0.332346,-0.0795285,1.31304,-1.6402,0.563471,0.642409,1.33353,0.478825
-0.635385,-0.637796,-0.0953928,-0.0351602,0.173483,-0.0324857,-0.0965427,-0.0336894,0.140048,0.291202,-0.203302,-0.114628,0.411201,-0.203637,0.0441116,-0.504992,1.50478,-0.763231,0.170555,0.0921477,-0.728351,0.111922
-0.966189,-0.794739,-0.903064,-0.0846638,0.173483,-0.106615,-0.103792,-0.107819,0.550507,0.635008,0.0123948,0.171473,1.0066,0.0120616,-0.101861,-0.327395,1.48741,-0.425186,0.45717,0.392283,-0.602679,0.426061
-0.94,-0.670739,-0.195826,-0.00628315,0.173483,0.0719697,-0.0566728,0.073012,0.1602,0.219362,0.0764142,-0.0547466,0.308526,0.0767384,0.0804811,-0.564416,0.762605,-0.609479,0.368175,0.000211631,0.159561,0.352082
-0.958555,-0.768671,-0.579109,0.0597216,0.460659,0.119143,-0.016803,0.117939,0.364368,0.445145,0.293096,0.126562,0.40294,0.293094,0.0549977,-0.662479,1.79539,0.0266907,0.141775,0.194707,0.070175,0.154998
-1.01664,-0.715213,-0.431917,-0.212548,0.173483,-0.133572,-0.219777,-0.133652,-0.644279,-0.652982,-0.590373,-0.627781,-0.616726,-0.590057,-0.25971,-0.150703,0.562906,-0.813452,0.0617064,-0.498939,-1.33217,0.0647404
-1.25527,-0.593223,-0.699027,0.58776,1.32219,0.547073,0.421765,0.548114,-0.0832123,-0.0526038,0.0123948,-0.195302,-0.197766,0.0120616,0.345707,-0.777035,1.66288,-0.786779,2.52706,2.04105,0.466553,1.78298
1.98046,0.519808,-0.325992,-0.711709,-0.975219,-0.595197,-0.694591,-0.595276,-0.277305,-0.334833,-0.154056,-0.300927,-0.464484,-0.153734,-0.461351,0.495287,-0.275227,-1.62403,-1.03805,-0.650319,-0.383045,-0.964273
2.00759,0.509381,2.59485,-0.65808,-0.975219,-0.531176,-0.672843,-0.531255,-0.916858,-0.853108,-0.857285,-0.865645,-0.900556,-0.856972,-0.482875,0.631083,-1.09357,-1.65153,-1.22331,-0.601809,-1.38303,-1.2755
2.55801,0.741206,2.77974,-0.583825,-0.975219,-0.423351,-0.574981,-0.422307,-0.498975,-0.437461,-0.374677,-0.463938,-0.614365,-0.375015,-0.389601,-0.181432,-0.553652,-1.62717,-1.68182,-0.792467,-1.30632,-1.45324
1.04712,0.224306,-0.586622,0.373244,-0.113692,0.536965,0.374647,0.536883,-0.421019,-0.478513,-0.28308,-0.429007,-0.571879,-0.283416,-0.283956,-0.591305,-1.21523,0.128614,-0.0480498,-0.74313,1.3078,-0.0407531
2.07954,0.524967,2.37718,-0.216673,-0.688043,-0.0493334,-0.223401,-0.0482907,-0.505338,-0.36049,-0.384526,-0.496374,-0.627937,-0.384207,-0.375994,-0.195667,-1.21894,-1.29992,-1.3624,-1.83695,-0.301448,-1.17256
2.19283,0.820896,2.82264,-0.352808,-0.688043,-0.174006,-0.39013,-0.174086,-0.569506,-0.519564,-0.475138,-0.554592,-0.680455,-0.474821,-0.355211,-0.0808842,0.233558,-1.28815,-1.48605,-0.664491,-0.748667,-1.22428
-1.00704,-0.696577,-0.24378,-0.550823,-0.400868,-0.554763,-0.560483,-0.553719,-0.855342,-0.786399,-0.888802,-0.833209,-0.748314,-0.888818,-0.507122,1.02808,-0.82008,0.697576,-0.58625,-0.0914247,-0.492201,-0.512383
-1.05073,-0.912739,-0.3719,-0.54876,-0.400868,-0.541284,-0.524237,-0.541364,-0.788523,-0.765873,-0.80016,-0.696812,-0.662752,-0.800503,-0.508359,1.05384,-1.24537,1.04921,-0.367976,-0.409268,-1.28742,-0.359519
-0.978825,-0.881632,-0.446025,-0.563198,-0.400868,-0.537915,-0.513364,-0.536871,-0.794887,-0.765873,-0.806069,-0.734238,-0.743594,-0.805756,-0.496483,1.05316,-1.13797,0.878291,-0.237665,-0.411966,-1.38267,-0.298212
-0.899362,-0.575342,-0.376863,-0.554948,-0.400868,-0.521067,-0.458996,-0.521147,-0.69678,-0.704296,-0.675076,-0.603662,-0.643279,-0.675089,-0.468773,0.804161,-1.06842,0.693637,-0.301009,0.0334228,-1.32937,-0.481957
-0.938598,-0.808773,-0.176709,-0.598264,-0.400868,-0.57498,-0.527862,-0.575059,-0.778447,-0.745347,-0.743035,-0.71095,-0.752445,-0.743049,-0.515534,0.930693,-0.89035,0.779892,-0.259017,-0.34257,-1.06314,-0.249499
-0.914245,-0.743969,-0.168989,-0.569386,-0.400868,-0.544654,-0.477119,-0.544733,-0.660719,-0.652982,-0.68197,-0.637761,-0.635608,-0.681655,-0.51207,0.961874,-1.32097,0.8158,-0.304982,-1.40583,-0.985131,-0.356446
-0.060199,-0.0754268,0.310982,-0.635391,-0.688043,-0.659218,-0.66197,-0.658174,-0.796478,-0.771005,-0.825768,-0.75004,-0.695207,-0.825783,-0.473721,0.511782,-0.980603,0.503434,-0.73603,-0.342798,0.177474,-0.819454
-0.1314,-0.423492,0.520787,-0.645704,-0.688043,-0.601936,-0.574981,-0.602015,-0.740795,-0.71969,-0.716442,-0.691821,-0.64859,-0.716128,-0.494009,0.570755,-0.923061,0.802535,-0.575661,-0.528157,-0.340317,-0.51316
-0.147031,-0.449472,0.43005,-0.474505,-0.400868,-0.426721,-0.411877,-0.4268,-0.806554,-0.776136,-0.828723,-0.758357,-0.675734,-0.828738,-0.481144,0.406037,-0.962429,1.08881,-0.02459,0.172226,1.21025,-0.15337
-0.091535,-0.367946,0.652814,-0.466254,-0.400868,-0.419981,-0.404628,-0.418938,-0.222684,-0.232204,-0.241713,-0.177837,-0.15351,-0.241393,-0.463577,0.281765,-1.40598,0.744923,-0.529302,-0.519057,-0.307211,-0.692933
-0.139324,-0.393773,0.589902,-0.464191,-0.400868,-0.43346,-0.397379,-0.434662,-0.604506,-0.61193,-0.607117,-0.569563,-0.501069,-0.607457,-0.45665,0.221436,-0.865269,0.917054,-0.0180298,-0.123569,0.776802,-0.0981104
-0.106563,-0.368208,0.653962,-0.590013,-0.688043,-0.527806,-0.531487,-0.529009,-0.437989,-0.43233,-0.405209,-0.371621,-0.43793,-0.405547,-0.467536,0.253521,-1.62551,0.70625,-0.543725,-1.40414,-0.451425,-0.556858
-0.893998,-0.799854,-0.222158,-0.422938,-0.113692,-0.487372,-0.27052,-0.487452,-0.563142,-0.570879,-0.691819,-0.46976,-0.270936,-0.691833,-0.378468,0.269564,1.00998,-0.877082,0.0599214,-0.418848,-0.92633,0.10178
-0.903131,0.223486,-0.386514,-0.187796,0.173483,-0.238027,0.00494423,-0.238107,-0.623597,-0.61193,-0.745005,-0.535464,-0.384823,-0.745347,-0.323047,0.0449698,1.59038,-1.1129,0.445358,-0.236702,-0.682902,0.508796
-0.916709,-0.216566,-0.444416,-0.635391,-0.400868,-0.662588,-0.553234,-0.661543,-0.746098,-0.750479,-0.885848,-0.663544,-0.423178,-0.885863,-0.432403,0.522627,0.96188,-1.15238,0.0842158,-1.11016,-0.844224,0.0864893
-0.910186,4.31652,-0.691536,-0.259989,-0.113692,-0.258244,-0.295892,-0.258324,-0.695189,-0.658113,-0.735156,-0.678514,-0.541195,-0.735169,-0.269112,0.468174,0.65314,-0.911616,-0.684936,-0.877641,-0.574427,-0.953698
-0.915356,4.19912,-0.507305,-0.732336,-0.688043,-0.726609,-0.712713,-0.726687,-0.8861,-0.847976,-0.921305,-0.830714,-0.745954,-0.921649,-0.446506,0.70881,0.288137,-0.979746,-0.618801,-1.31735,-0.600166,-0.751045
-0.958337,-0.851859,-0.681909,-0.608577,-0.400868,-0.622153,-0.58223,-0.621109,-0.947086,-0.904422,-0.994188,-0.887269,-0.774868,-0.993877,-0.440815,0.652774,0.546147,-1.06562,-0.940942,-0.920996,-1.22215,-0.940693
1.14871,0.717029,-0.875354,0.148416,-0.400868,0.274141,0.186171,0.272937,-0.210486,-0.139838,-0.11072,-0.171183,-0.383642,-0.110398,0.48401,-0.568935,0.0956638,-0.620539,-1.14664,-0.79875,-0.171056,-1.03988
0.482226,0.370232,-0.50696,-0.336307,-0.400868,-0.227918,-0.31039,-0.226875,0.591871,0.629877,0.757975,0.590645,0.198771,0.757979,0.0691002,-0.535269,-0.481968,-1.0879,-0.783511,-1.25361,0.72009,-0.815604
1.33576,0.611117,-0.61663,-0.119729,-0.400868,0.00120957,-0.190781,0.00225211,-0.116622,-0.0987867,0.0370176,-0.108806,-0.312242,0.037013,-0.166931,-0.61887,-0.64326,-0.629882,-0.468652,-1.16548,1.05143,-0.417853
0.494306,0.468897,-0.965907,1.52214,1.03501,0.988481,0.795092,0.989522,-0.351549,-0.134707,-0.293914,-0.35166,-0.43734,-0.293922,2.03627,-0.904471,-0.875188,-1.12795,-1.01155,-0.815979,0.778335,-0.830273
1.07599,2.18442,-0.95173,0.243297,-0.113692,0.132621,0.164424,0.131417,-0.357912,-0.211678,-0.296868,-0.388254,-0.483957,-0.297205,1.17231,-0.647566,-0.455203,-1.33987,-0.972457,-0.228478,-0.635368,-0.923727
1.45108,0.690469,-0.881213,-0.113541,-0.400868,-0.120093,-0.100167,-0.120174,-0.5764,-0.473381,-0.532263,-0.521325,-0.610825,-0.532275,0.473371,-0.152962,-0.343775,-0.971198,-0.0363777,-0.429747,0.453635,-0.643399
