0.0,0.0,1.0,0.0,0.0,1.0,0.0,0.0,0.0,1.0,0.0,0.0,0.75
0.0,0.0,1.0,0.0,0.0,1.0,0.0,0.0,0.0,0.0,1.0,0.0,0.7917
0.0,0.0,1.0,0.0,0.0,1.0,0.0,0.0,0.0,0.0,0.0,1.0,0.7708
0.0,0.3333333333333333,1.0,0.0,0.0,1.0,0.0,0.0,0.0,1.0,0.0,0.0,0.7083
0.0,0.3333333333333333,1.0,0.0,0.0,1.0,0.0,0.0,0.0,0.0,1.0,0.0,0.7708
0.0,0.3333333333333333,1.0,0.0,0.0,1.0,0.0,0.0,0.0,0.0,0.0,1.0,0.75
0.0,1.0,1.0,0.0,0.0,1.0,0.0,0.0,0.0,1.0,0.0,0.0,0.7292
0.0,1.0,1.0,0.0,0.0,1.0,0.0,0.0,0.0,0.0,1.0,0.0,0.7708
0.0,1.0,1.0,0.0,0.0,1.0,0.0,0.0,0.0,0.0,0.0,1.0,0.75
0.5,0.0,1.0,0.0,0.0,1.0,0.0,0.0,0.0,1.0,0.0,0.0,0.7292
0.5,0.0,1.0,0.0,0.0,1.0,0.0,0.0,0.0,0.0,1.0,0.0,0.7708
0.5,0.0,1.0,0.0,0.0,1.0,0.0,0.0,0.0,0.0,0.0,1.0,0.75
0.5,0.3333333333333333,1.0,0.0,0.0,1.0,0.0,0.0,0.0,1.0,0.0,0.0,0.6875
0.5,0.3333333333333333,1.0,0.0,0.0,1.0,0.0,0.0,0.0,0.0,1.0,0.0,0.7708
0.5,0.3333333333333333,1.0,0.0,0.0,1.0,0.0,0.0,0.0,0.0,0.0,1.0,0.7292
0.5,1.0,1.0,0.0,0.0,1.0,0.0,0.0,0.0,1.0,0.0,0.0,0.6875
0.5,1.0,1.0,0.0,0.0,1.0,0.0,0.0,0.0,0.0,1.0,0.0,0.7708
0.5,1.0,1.0,0.0,0.0,1.0,0.0,0.0,0.0,0.0,0.0,1.0,0.7083
1.0,0.0,1.0,0.0,0.0,1.0,0.0,0.0,0.0,1.0,0.0,0.0,0.7292
1.0,0.0,1.0,0.0,0.0,1.0,0.0,0.0,0.0,0.0,1.0,0.0,0.7708
1.0,0.0,1.0,0.0,0.0,1.0,0.0,0.0,0.0,0.0,0.0,1.0,0.75
1.0,0.3333333333333333,1.0,0.0,0.0,1.0,0.0,0.0,0.0,1.0,0.0,0.0,0.625
1.0,0.3333333333333333,1.0,0.0,0.0,1.0,0.0,0.0,0.0,0.0,1.0,0.0,0.7708
1.0,0.3333333333333333,1.0,0.0,0.0,1.0,0.0,0.0,0.0,0.0,0.0,1.0,0.7083
1.0,1.0,1.0,0.0,0.0,1.0,0.0,0.0,0.0,1.0,0.0,0.0,0.625
1.0,1.0,1.0,0.0,0.0,1.0,0.0,0.0,0.0,0.0,1.0,0.0,0.7708
1.0,1.0,1.0,0.0,0.0,1.0,0.0,0.0,0.0,0.0,0.0,1.0,0.6875
0.0,0.0,1.0,0.0,0.0,0.0,1.0,0.0,0.0,1.0,0.0,0.0,0.7917
0.0,0.0,1.0,0.0,0.0,0.0,1.0,0.0,0.0,0.0,1.0,0.0,0.8125
0.0,0.0,1.0,0.0,0.0,0.0,1.0,0.0,0.0,0.0,0.0,1.0,0.8125
0.0,0.3333333333333333,1.0,0.0,0.0,0.0,1.0,0.0,0.0,1.0,0.0,0.0,0.7292
0.0,0.3333333333333333,1.0,0.0,0.0,0.0,1.0,0.0,0.0,0.0,1.0,0.0,0.7917
0.0,0.3333333333333333,1.0,0.0,0.0,0.0,1.0,0.0,0.0,0.0,0.0,1.0,0.75
0.0,1.0,1.0,0.0,0.0,0.0,1.0,0.0,0.0,1.0,0.0,0.0,0.75
0.0,1.0,1.0,0.0,0.0,0.0,1.0,0.0,0.0,0.0,1.0,0.0,0.7917
0.0,1.0,1.0,0.0,0.0,0.0,1.0,0.0,0.0,0.0,0.0,1.0,0.7708
0.5,0.0,1.0,0.0,0.0,0.0,1.0,0.0,0.0,1.0,0.0,0.0,0.75
0.5,0.0,1.0,0.0,0.0,0.0,1.0,0.0,0.0,0.0,1.0,0.0,0.7708
0.5,0.0,1.0,0.0,0.0,0.0,1.0,0.0,0.0,0.0,0.0,1.0,0.7708
0.5,0.3333333333333333,1.0,0.0,0.0,0.0,1.0,0.0,0.0,1.0,0.0,0.0,0.7292
0.5,0.3333333333333333,1.0,0.0,0.0,0.0,1.0,0.0,0.0,0.0,1.0,0.0,0.7708
0.5,0.3333333333333333,1.0,0.0,0.0,0.0,1.0,0.0,0.0,0.0,0.0,1.0,0.7292
0.5,1.0,1.0,0.0,0.0,0.0,1.0,0.0,0.0,1.0,0.0,0.0,0.625
0.5,1.0,1.0,0.0,0.0,0.0,1.0,0.0,0.0,0.0,1.0,0.0,0.7708
0.5,1.0,1.0,0.0,0.0,0.0,1.0,0.0,0.0,0.0,0.0,1.0,0.7292
1.0,0.0,1.0,0.0,0.0,0.0,1.0,0.0,0.0,1.0,0.0,0.0,0.7292
1.0,0.0,1.0,0.0,0.0,0.0,1.0,0.0,0.0,0.0,1.0,0.0,0.7708
1.0,0.0,1.0,0.0,0.0,0.0,1.0,0.0,0.0,0.0,0.0,1.0,0.75
1.0,0.3333333333333333,1.0,0.0,0.0,0.0,1.0,0.0,0.0,1.0,0.0,0.0,0.6875
1.0,0.3333333333333333,1.0,0.0,0.0,0.0,1.0,0.0,0.0,0.0,1.0,0.0,0.7708
1.0,0.3333333333333333,1.0,0.0,0.0,0.0,1.0,0.0,0.0,0.0,0.0,1.0,0.6875
1.0,1.0,1.0,0.0,0.0,0.0,1.0,0.0,0.0,1.0,0.0,0.0,0.6667
1.0,1.0,1.0,0.0,0.0,0.0,1.0,0.0,0.0,0.0,1.0,0.0,0.7708
1.0,1.0,1.0,0.0,0.0,0.0,1.0,0.0,0.0,0.0,0.0,1.0,0.75
0.0,0.0,1.0,0.0,0.0,0.0,0.0,1.0,0.0,1.0,0.0,0.0,0.7292
0.0,0.0,1.0,0.0,0.0,0.0,0.0,1.0,0.0,0.0,1.0,0.0,0.7708
0.0,0.0,1.0,0.0,0.0,0.0,0.0,1.0,0.0,0.0,0.0,1.0,0.75
0.0,0.3333333333333333,1.0,0.0,0.0,0.0,0.0,1.0,0.0,1.0,0.0,0.0,0.7292
0.0,0.3333333333333333,1.0,0.0,0.0,0.0,0.0,1.0,0.0,0.0,1.0,0.0,0.6875
0.0,0.3333333333333333,1.0,0.0,0.0,0.0,0.0,1.0,0.0,0.0,0.0,1.0,0.75
0.0,1.0,1.0,0.0,0.0,0.0,0.0,1.0,0.0,1.0,0.0,0.0,0.7083
0.0,1.0,1.0,0.0,0.0,0.0,0.0,1.0,0.0,0.0,1.0,0.0,0.8125
0.0,1.0,1.0,0.0,0.0,0.0,0.0,1.0,0.0,0.0,0.0,1.0,0.7292
0.5,0.0,1.0,0.0,0.0,0.0,0.0,1.0,0.0,1.0,0.0,0.0,0.75
0.5,0.0,1.0,0.0,0.0,0.0,0.0,1.0,0.0,0.0,1.0,0.0,0.7708
0.5,0.0,1.0,0.0,0.0,0.0,0.0,1.0,0.0,0.0,0.0,1.0,0.75
0.5,0.3333333333333333,1.0,0.0,0.0,0.0,0.0,1.0,0.0,1.0,0.0,0.0,0.6875
0.5,0.3333333333333333,1.0,0.0,0.0,0.0,0.0,1.0,0.0,0.0,1.0,0.0,0.7708
0.5,0.3333333333333333,1.0,0.0,0.0,0.0,0.0,1.0,0.0,0.0,0.0,1.0,0.75
0.5,1.0,1.0,0.0,0.0,0.0,0.0,1.0,0.0,1.0,0.0,0.0,0.6458
0.5,1.0,1.0,0.0,0.0,0.0,0.0,1.0,0.0,0.0,1.0,0.0,0.7708
0.5,1.0,1.0,0.0,0.0,0.0,0.0,1.0,0.0,0.0,0.0,1.0,0.7083
1.0,0.0,1.0,0.0,0.0,0.0,0.0,1.0,0.0,1.0,0.0,0.0,0.6667
1.0,0.0,1.0,0.0,0.0,0.0,0.0,1.0,0.0,0.0,1.0,0.0,0.7708
1.0,0.0,1.0,0.0,0.0,0.0,0.0,1.0,0.0,0.0,0.0,1.0,0.7292
1.0,0.3333333333333333,1.0,0.0,0.0,0.0,0.0,1.0,0.0,1.0,0.0,0.0,0.625
1.0,0.3333333333333333,1.0,0.0,0.0,0.0,0.0,1.0,0.0,0.0,1.0,0.0,0.7708
1.0,0.3333333333333333,1.0,0.0,0.0,0.0,0.0,1.0,0.0,0.0,0.0,1.0,0.6667
1.0,1.0,1.0,0.0,0.0,0.0,0.0,1.0,0.0,1.0,0.0,0.0,0.6875
1.0,1.0,1.0,0.0,0.0,0.0,0.0,1.0,0.0,0.0,1.0,0.0,0.7708
1.0,1.0,1.0,0.0,0.0,0.0,0.0,1.0,0.0,0.0,0.0,1.0,0.7292
0.0,0.0,1.0,0.0,0.0,0.0,0.0,0.0,1.0,1.0,0.0,0.0,0.7708
0.0,0.0,1.0,0.0,0.0,0.0,0.0,0.0,1.0,0.0,1.0,0.0,0.75
0.0,0.0,1.0,0.0,0.0,0.0,0.0,0.0,1.0,0.0,0.0,1.0,0.7708
0.0,0.3333333333333333,1.0,0.0,0.0,0.0,0.0,0.0,1.0,1.0,0.0,0.0,0.7917
0.0,0.3333333333333333,1.0,0.0,0.0,0.0,0.0,0.0,1.0,0.0,1.0,0.0,0.7292
0.0,0.3333333333333333,1.0,0.0,0.0,0.0,0.0,0.0,1.0,0.0,0.0,1.0,0.7917
0.0,1.0,1.0,0.0,0.0,0.0,0.0,0.0,1.0,1.0,0.0,0.0,0.7292
0.0,1.0,1.0,0.0,0.0,0.0,0.0,0.0,1.0,0.0,1.0,0.0,0.6875
0.0,1.0,1.0,0.0,0.0,0.0,0.0,0.0,1.0,0.0,0.0,1.0,0.75
0.5,0.0,1.0,0.0,0.0,0.0,0.0,0.0,1.0,1.0,0.0,0.0,0.7708
0.5,0.0,1.0,0.0,0.0,0.0,0.0,0.0,1.0,0.0,1.0,0.0,0.75
0.5,0.0,1.0,0.0,0.0,0.0,0.0,0.0,1.0,0.0,0.0,1.0,0.7708
0.5,0.3333333333333333,1.0,0.0,0.0,0.0,0.0,0.0,1.0,1.0,0.0,0.0,0.6875
0.5,0.3333333333333333,1.0,0.0,0.0,0.0,0.0,0.0,1.0,0.0,1.0,0.0,0.7708
0.5,0.3333333333333333,1.0,0.0,0.0,0.0,0.0,0.0,1.0,0.0,0.0,1.0,0.75
0.5,1.0,1.0,0.0,0.0,0.0,0.0,0.0,1.0,1.0,0.0,0.0,0.6875
0.5,1.0,1.0,0.0,0.0,0.0,0.0,0.0,1.0,0.0,1.0,0.0,0.7708
0.5,1.0,1.0,0.0,0.0,0.0,0.0,0.0,1.0,0.0,0.0,1.0,0.7708
1.0,0.0,1.0,0.0,0.0,0.0,0.0,0.0,1.0,1.0,0.0,0.0,0.7292
1.0,0.0,1.0,0.0,0.0,0.0,0.0,0.0,1.0,0.0,1.0,0.0,0.7708
1.0,0.0,1.0,0.0,0.0,0.0,0.0,0.0,1.0,0.0,0.0,1.0,0.7292
1.0,0.3333333333333333,1.0,0.0,0.0,0.0,0.0,0.0,1.0,1.0,0.0,0.0,0.6875
1.0,0.3333333333333333,1.0,0.0,0.0,0.0,0.0,0.0,1.0,0.0,1.0,0.0,0.7708
1.0,0.3333333333333333,1.0,0.0,0.0,0.0,0.0,0.0,1.0,0.0,0.0,1.0,0.7292
1.0,1.0,1.0,0.0,0.0,0.0,0.0,0.0,1.0,1.0,0.0,0.0,0.6875
1.0,1.0,1.0,0.0,0.0,0.0,0.0,0.0,1.0,0.0,1.0,0.0,0.7708
1.0,1.0,1.0,0.0,0.0,0.0,0.0,0.0,1.0,0.0,0.0,1.0,0.7083
0.0,0.0,0.0,1.0,0.0,1.0,0.0,0.0,0.0,1.0,0.0,0.0,0.7708
0.0,0.0,0.0,1.0,0.0,1.0,0.0,0.0,0.0,0.0,1.0,0.0,0.7917
0.0,0.0,0.0,1.0,0.0,1.0,0.0,0.0,0.0,0.0,0.0,1.0,0.7708
0.0,0.3333333333333333,0.0,1.0,0.0,1.0,0.0,0.0,0.0,1.0,0.0,0.0,0.7083
0.0,0.3333333333333333,0.0,1.0,0.0,1.0,0.0,0.0,0.0,0.0,1.0,0.0,0.7708
0.0,0.3333333333333333,0.0,1.0,0.0,1.0,0.0,0.0,0.0,0.0,0.0,1.0,0.75
0.0,1.0,0.0,1.0,0.0,1.0,0.0,0.0,0.0,1.0,0.0,0.0,0.7292
0.0,1.0,0.0,1.0,0.0,1.0,0.0,0.0,0.0,0.0,1.0,0.0,0.7708
0.0,1.0,0.0,1.0,0.0,1.0,0.0,0.0,0.0,0.0,0.0,1.0,0.7292
0.5,0.0,0.0,1.0,0.0,1.0,0.0,0.0,0.0,1.0,0.0,0.0,0.7083
0.5,0.0,0.0,1.0,0.0,1.0,0.0,0.0,0.0,0.0,1.0,0.0,0.7708
0.5,0.0,0.0,1.0,0.0,1.0,0.0,0.0,0.0,0.0,0.0,1.0,0.7708
0.5,0.3333333333333333,0.0,1.0,0.0,1.0,0.0,0.0,0.0,1.0,0.0,0.0,0.6875
0.5,0.3333333333333333,0.0,1.0,0.0,1.0,0.0,0.0,0.0,0.0,1.0,0.0,0.7708
0.5,0.3333333333333333,0.0,1.0,0.0,1.0,0.0,0.0,0.0,0.0,0.0,1.0,0.7292
0.5,1.0,0.0,1.0,0.0,1.0,0.0,0.0,0.0,1.0,0.0,0.0,0.6458
0.5,1.0,0.0,1.0,0.0,1.0,0.0,0.0,0.0,0.0,1.0,0.0,0.7708
0.5,1.0,0.0,1.0,0.0,1.0,0.0,0.0,0.0,0.0,0.0,1.0,0.6667
1.0,0.0,0.0,1.0,0.0,1.0,0.0,0.0,0.0,1.0,0.0,0.0,0.7708
1.0,0.0,0.0,1.0,0.0,1.0,0.0,0.0,0.0,0.0,1.0,0.0,0.7708
1.0,0.0,0.0,1.0,0.0,1.0,0.0,0.0,0.0,0.0,0.0,1.0,0.7708
1.0,0.3333333333333333,0.0,1.0,0.0,1.0,0.0,0.0,0.0,1.0,0.0,0.0,0.7083
1.0,0.3333333333333333,0.0,1.0,0.0,1.0,0.0,0.0,0.0,0.0,1.0,0.0,0.7708
1.0,0.3333333333333333,0.0,1.0,0.0,1.0,0.0,0.0,0.0,0.0,0.0,1.0,0.6667
1.0,1.0,0.0,1.0,0.0,1.0,0.0,0.0,0.0,1.0,0.0,0.0,0.6458
1.0,1.0,0.0,1.0,0.0,1.0,0.0,0.0,0.0,0.0,1.0,0.0,0.7708
1.0,1.0,0.0,1.0,0.0,1.0,0.0,0.0,0.0,0.0,0.0,1.0,0.6875
0.0,0.0,0.0,1.0,0.0,0.0,1.0,0.0,0.0,1.0,0.0,0.0,0.7917
0.0,0.0,0.0,1.0,0.0,0.0,1.0,0.0,0.0,0.0,1.0,0.0,0.8125
0.0,0.0,0.0,1.0,0.0,0.0,1.0,0.0,0.0,0.0,0.0,1.0,0.8125
0.0,0.3333333333333333,0.0,1.0,0.0,0.0,1.0,0.0,0.0,1.0,0.0,0.0,0.7292
0.0,0.3333333333333333,0.0,1.0,0.0,0.0,1.0,0.0,0.0,0.0,1.0,0.0,0.7708
0.0,0.3333333333333333,0.0,1.0,0.0,0.0,1.0,0.0,0.0,0.0,0.0,1.0,0.75
0.0,1.0,0.0,1.0,0.0,0.0,1.0,0.0,0.0,1.0,0.0,0.0,0.7083
0.0,1.0,0.0,1.0,0.0,0.0,1.0,0.0,0.0,0.0,1.0,0.0,0.7708
0.0,1.0,0.0,1.0,0.0,0.0,1.0,0.0,0.0,0.0,0.0,1.0,0.7292
0.5,0.0,0.0,1.0,0.0,0.0,1.0,0.0,0.0,1.0,0.0,0.0,0.75
0.5,0.0,0.0,1.0,0.0,0.0,1.0,0.0,0.0,0.0,1.0,0.0,0.7708
0.5,0.0,0.0,1.0,0.0,0.0,1.0,0.0,0.0,0.0,0.0,1.0,0.7708
0.5,0.3333333333333333,0.0,1.0,0.0,0.0,1.0,0.0,0.0,1.0,0.0,0.0,0.6458
0.5,0.3333333333333333,0.0,1.0,0.0,0.0,1.0,0.0,0.0,0.0,1.0,0.0,0.7708
0.5,0.3333333333333333,0.0,1.0,0.0,0.0,1.0,0.0,0.0,0.0,0.0,1.0,0.7083
0.5,1.0,0.0,1.0,0.0,0.0,1.0,0.0,0.0,1.0,0.0,0.0,0.6667
0.5,1.0,0.0,1.0,0.0,0.0,1.0,0.0,0.0,0.0,1.0,0.0,0.7708
0.5,1.0,0.0,1.0,0.0,0.0,1.0,0.0,0.0,0.0,0.0,1.0,0.6667
1.0,0.0,0.0,1.0,0.0,0.0,1.0,0.0,0.0,1.0,0.0,0.0,0.6875
1.0,0.0,0.0,1.0,0.0,0.0,1.0,0.0,0.0,0.0,1.0,0.0,0.7708
1.0,0.0,0.0,1.0,0.0,0.0,1.0,0.0,0.0,0.0,0.0,1.0,0.7292
1.0,0.3333333333333333,0.0,1.0,0.0,0.0,1.0,0.0,0.0,1.0,0.0,0.0,0.625
1.0,0.3333333333333333,0.0,1.0,0.0,0.0,1.0,0.0,0.0,0.0,1.0,0.0,0.7708
1.0,0.3333333333333333,0.0,1.0,0.0,0.0,1.0,0.0,0.0,0.0,0.0,1.0,0.7083
1.0,1.0,0.0,1.0,0.0,0.0,1.0,0.0,0.0,1.0,0.0,0.0,0.6458
1.0,1.0,0.0,1.0,0.0,0.0,1.0,0.0,0.0,0.0,1.0,0.0,0.7708
1.0,1.0,0.0,1.0,0.0,0.0,1.0,0.0,0.0,0.0,0.0,1.0,0.75
0.0,0.0,0.0,1.0,0.0,0.0,0.0,1.0,0.0,1.0,0.0,0.0,0.7292
0.0,0.0,0.0,1.0,0.0,0.0,0.0,1.0,0.0,0.0,1.0,0.0,0.75
0.0,0.0,0.0,1.0,0.0,0.0,0.0,1.0,0.0,0.0,0.0,1.0,0.75
0.0,0.3333333333333333,0.0,1.0,0.0,0.0,0.0,1.0,0.0,1.0,0.0,0.0,0.7083
0.0,0.3333333333333333,0.0,1.0,0.0,0.0,0.0,1.0,0.0,0.0,1.0,0.0,0.6458
0.0,0.3333333333333333,0.0,1.0,0.0,0.0,0.0,1.0,0.0,0.0,0.0,1.0,0.75
0.0,1.0,0.0,1.0,0.0,0.0,0.0,1.0,0.0,1.0,0.0,0.0,0.6875
0.0,1.0,0.0,1.0,0.0,0.0,0.0,1.0,0.0,0.0,1.0,0.0,0.7708
0.0,1.0,0.0,1.0,0.0,0.0,0.0,1.0,0.0,0.0,0.0,1.0,0.7292
0.5,0.0,0.0,1.0,0.0,0.0,0.0,1.0,0.0,1.0,0.0,0.0,0.7292
0.5,0.0,0.0,1.0,0.0,0.0,0.0,1.0,0.0,0.0,1.0,0.0,0.7708
0.5,0.0,0.0,1.0,0.0,0.0,0.0,1.0,0.0,0.0,0.0,1.0,0.75
0.5,0.3333333333333333,0.0,1.0,0.0,0.0,0.0,1.0,0.0,1.0,0.0,0.0,0.6875
0.5,0.3333333333333333,0.0,1.0,0.0,0.0,0.0,1.0,0.0,0.0,1.0,0.0,0.7708
0.5,0.3333333333333333,0.0,1.0,0.0,0.0,0.0,1.0,0.0,0.0,0.0,1.0,0.7083
0.5,1.0,0.0,1.0,0.0,0.0,0.0,1.0,0.0,1.0,0.0,0.0,0.6667
0.5,1.0,0.0,1.0,0.0,0.0,0.0,1.0,0.0,0.0,1.0,0.0,0.7708
0.5,1.0,0.0,1.0,0.0,0.0,0.0,1.0,0.0,0.0,0.0,1.0,0.6875
1.0,0.0,0.0,1.0,0.0,0.0,0.0,1.0,0.0,1.0,0.0,0.0,0.6667
1.0,0.0,0.0,1.0,0.0,0.0,0.0,1.0,0.0,0.0,1.0,0.0,0.7708
1.0,0.0,0.0,1.0,0.0,0.0,0.0,1.0,0.0,0.0,0.0,1.0,0.6875
1.0,0.3333333333333333,0.0,1.0,0.0,0.0,0.0,1.0,0.0,1.0,0.0,0.0,0.6667
1.0,0.3333333333333333,0.0,1.0,0.0,0.0,0.0,1.0,0.0,0.0,1.0,0.0,0.7708
1.0,0.3333333333333333,0.0,1.0,0.0,0.0,0.0,1.0,0.0,0.0,0.0,1.0,0.6875
1.0,1.0,0.0,1.0,0.0,0.0,0.0,1.0,0.0,1.0,0.0,0.0,0.6667
1.0,1.0,0.0,1.0,0.0,0.0,0.0,1.0,0.0,0.0,1.0,0.0,0.7708
1.0,1.0,0.0,1.0,0.0,0.0,0.0,1.0,0.0,0.0,0.0,1.0,0.6875
0.0,0.0,0.0,1.0,0.0,0.0,0.0,0.0,1.0,1.0,0.0,0.0,0.7708
0.0,0.0,0.0,1.0,0.0,0.0,0.0,0.0,1.0,0.0,1.0,0.0,0.7708
0.0,0.0,0.0,1.0,0.0,0.0,0.0,0.0,1.0,0.0,0.0,1.0,0.7708
0.0,0.3333333333333333,0.0,1.0,0.0,0.0,0.0,0.0,1.0,1.0,0.0,0.0,0.7917
0.0,0.3333333333333333,0.0,1.0,0.0,0.0,0.0,0.0,1.0,0.0,1.0,0.0,0.6875
0.0,0.3333333333333333,0.0,1.0,0.0,0.0,0.0,0.0,1.0,0.0,0.0,1.0,0.7917
0.0,1.0,0.0,1.0,0.0,0.0,0.0,0.0,1.0,1.0,0.0,0.0,0.7292
0.0,1.0,0.0,1.0,0.0,0.0,0.0,0.0,1.0,0.0,1.0,0.0,0.75
0.0,1.0,0.0,1.0,0.0,0.0,0.0,0.0,1.0,0.0,0.0,1.0,0.75
0.5,0.0,0.0,1.0,0.0,0.0,0.0,0.0,1.0,1.0,0.0,0.0,0.7708
0.5,0.0,0.0,1.0,0.0,0.0,0.0,0.0,1.0,0.0,1.0,0.0,0.75
0.5,0.0,0.0,1.0,0.0,0.0,0.0,0.0,1.0,0.0,0.0,1.0,0.7708
0.5,0.3333333333333333,0.0,1.0,0.0,0.0,0.0,0.0,1.0,1.0,0.0,0.0,0.6875
0.5,0.3333333333333333,0.0,1.0,0.0,0.0,0.0,0.0,1.0,0.0,1.0,0.0,0.7708
0.5,0.3333333333333333,0.0,1.0,0.0,0.0,0.0,0.0,1.0,0.0,0.0,1.0,0.7292
0.5,1.0,0.0,1.0,0.0,0.0,0.0,0.0,1.0,1.0,0.0,0.0,0.6875
0.5,1.0,0.0,1.0,0.0,0.0,0.0,0.0,1.0,0.0,1.0,0.0,0.7708
0.5,1.0,0.0,1.0,0.0,0.0,0.0,0.0,1.0,0.0,0.0,1.0,0.7292
1.0,0.0,0.0,1.0,0.0,0.0,0.0,0.0,1.0,1.0,0.0,0.0,0.7083
1.0,0.0,0.0,1.0,0.0,0.0,0.0,0.0,1.0,0.0,1.0,0.0,0.7708
1.0,0.0,0.0,1.0,0.0,0.0,0.0,0.0,1.0,0.0,0.0,1.0,0.75
1.0,0.3333333333333333,0.0,1.0,0.0,0.0,0.0,0.0,1.0,1.0,0.0,0.0,0.6875
1.0,0.3333333333333333,0.0,1.0,0.0,0.0,0.0,0.0,1.0,0.0,1.0,0.0,0.7708
1.0,0.3333333333333333,0.0,1.0,0.0,0.0,0.0,0.0,1.0,0.0,0.0,1.0,0.7083
1.0,1.0,0.0,1.0,0.0,0.0,0.0,0.0,1.0,1.0,0.0,0.0,0.6875
1.0,1.0,0.0,1.0,0.0,0.0,0.0,0.0,1.0,0.0,1.0,0.0,0.7708
1.0,1.0,0.0,1.0,0.0,0.0,0.0,0.0,1.0,0.0,0.0,1.0,0.6875
0.0,0.0,0.0,0.0,1.0,1.0,0.0,0.0,0.0,1.0,0.0,0.0,0.7708
0.0,0.0,0.0,0.0,1.0,1.0,0.0,0.0,0.0,0.0,1.0,0.0,0.8333
0.0,0.0,0.0,0.0,1.0,1.0,0.0,0.0,0.0,0.0,0.0,1.0,0.8125
0.0,0.3333333333333333,0.0,0.0,1.0,1.0,0.0,0.0,0.0,1.0,0.0,0.0,0.7708
0.0,0.3333333333333333,0.0,0.0,1.0,1.0,0.0,0.0,0.0,0.0,1.0,0.0,0.7917
0.0,0.3333333333333333,0.0,0.0,1.0,1.0,0.0,0.0,0.0,0.0,0.0,1.0,0.75
0.0,1.0,0.0,0.0,1.0,1.0,0.0,0.0,0.0,1.0,0.0,0.0,0.7708
0.0,1.0,0.0,0.0,1.0,1.0,0.0,0.0,0.0,0.0,1.0,0.0,0.8125
0.0,1.0,0.0,0.0,1.0,1.0,0.0,0.0,0.0,0.0,0.0,1.0,0.7917
0.5,0.0,0.0,0.0,1.0,1.0,0.0,0.0,0.0,1.0,0.0,0.0,0.75
0.5,0.0,0.0,0.0,1.0,1.0,0.0,0.0,0.0,0.0,1.0,0.0,0.7708
0.5,0.0,0.0,0.0,1.0,1.0,0.0,0.0,0.0,0.0,0.0,1.0,0.75
0.5,0.3333333333333333,0.0,0.0,1.0,1.0,0.0,0.0,0.0,1.0,0.0,0.0,0.75
0.5,0.3333333333333333,0.0,0.0,1.0,1.0,0.0,0.0,0.0,0.0,1.0,0.0,0.7917
0.5,0.3333333333333333,0.0,0.0,1.0,1.0,0.0,0.0,0.0,0.0,0.0,1.0,0.7917
0.5,1.0,0.0,0.0,1.0,1.0,0.0,0.0,0.0,1.0,0.0,0.0,0.75
0.5,1.0,0.0,0.0,1.0,1.0,0.0,0.0,0.0,0.0,1.0,0.0,0.7917
0.5,1.0,0.0,0.0,1.0,1.0,0.0,0.0,0.0,0.0,0.0,1.0,0.7917
1.0,0.0,0.0,0.0,1.0,1.0,0.0,0.0,0.0,1.0,0.0,0.0,0.7708
1.0,0.0,0.0,0.0,1.0,1.0,0.0,0.0,0.0,0.0,1.0,0.0,0.7708
1.0,0.0,0.0,0.0,1.0,1.0,0.0,0.0,0.0,0.0,0.0,1.0,0.7708
1.0,0.3333333333333333,0.0,0.0,1.0,1.0,0.0,0.0,0.0,1.0,0.0,0.0,0.75
1.0,0.3333333333333333,0.0,0.0,1.0,1.0,0.0,0.0,0.0,0.0,1.0,0.0,0.8333
1.0,0.3333333333333333,0.0,0.0,1.0,1.0,0.0,0.0,0.0,0.0,0.0,1.0,0.7917
1.0,1.0,0.0,0.0,1.0,1.0,0.0,0.0,0.0,1.0,0.0,0.0,0.75
1.0,1.0,0.0,0.0,1.0,1.0,0.0,0.0,0.0,0.0,1.0,0.0,0.7917
1.0,1.0,0.0,0.0,1.0,1.0,0.0,0.0,0.0,0.0,0.0,1.0,0.7917
0.0,0.0,0.0,0.0,1.0,0.0,1.0,0.0,0.0,1.0,0.0,0.0,0.8125
0.0,0.0,0.0,0.0,1.0,0.0,1.0,0.0,0.0,0.0,1.0,0.0,0.8333
0.0,0.0,0.0,0.0,1.0,0.0,1.0,0.0,0.0,0.0,0.0,1.0,0.8125
0.0,0.3333333333333333,0.0,0.0,1.0,0.0,1.0,0.0,0.0,1.0,0.0,0.0,0.7708
0.0,0.3333333333333333,0.0,0.0,1.0,0.0,1.0,0.0,0.0,0.0,1.0,0.0,0.8333
0.0,0.3333333333333333,0.0,0.0,1.0,0.0,1.0,0.0,0.0,0.0,0.0,1.0,0.7708
0.0,1.0,0.0,0.0,1.0,0.0,1.0,0.0,0.0,1.0,0.0,0.0,0.7708
0.0,1.0,0.0,0.0,1.0,0.0,1.0,0.0,0.0,0.0,1.0,0.0,0.7917
0.0,1.0,0.0,0.0,1.0,0.0,1.0,0.0,0.0,0.0,0.0,1.0,0.7708
0.5,0.0,0.0,0.0,1.0,0.0,1.0,0.0,0.0,1.0,0.0,0.0,0.75
0.5,0.0,0.0,0.0,1.0,0.0,1.0,0.0,0.0,0.0,1.0,0.0,0.7917
0.5,0.0,0.0,0.0,1.0,0.0,1.0,0.0,0.0,0.0,0.0,1.0,0.75
0.5,0.3333333333333333,0.0,0.0,1.0,0.0,1.0,0.0,0.0,1.0,0.0,0.0,0.75
0.5,0.3333333333333333,0.0,0.0,1.0,0.0,1.0,0.0,0.0,0.0,1.0,0.0,0.8125
0.5,0.3333333333333333,0.0,0.0,1.0,0.0,1.0,0.0,0.0,0.0,0.0,1.0,0.7708
0.5,1.0,0.0,0.0,1.0,0.0,1.0,0.0,0.0,1.0,0.0,0.0,0.7083
0.5,1.0,0.0,0.0,1.0,0.0,1.0,0.0,0.0,0.0,1.0,0.0,0.7917
0.5,1.0,0.0,0.0,1.0,0.0,1.0,0.0,0.0,0.0,0.0,1.0,0.7708
1.0,0.0,0.0,0.0,1.0,0.0,1.0,0.0,0.0,1.0,0.0,0.0,0.6875
1.0,0.0,0.0,0.0,1.0,0.0,1.0,0.0,0.0,0.0,1.0,0.0,0.8125
1.0,0.0,0.0,0.0,1.0,0.0,1.0,0.0,0.0,0.0,0.0,1.0,0.7917
1.0,0.3333333333333333,0.0,0.0,1.0,0.0,1.0,0.0,0.0,1.0,0.0,0.0,0.7292
1.0,0.3333333333333333,0.0,0.0,1.0,0.0,1.0,0.0,0.0,0.0,1.0,0.0,0.7708
1.0,0.3333333333333333,0.0,0.0,1.0,0.0,1.0,0.0,0.0,0.0,0.0,1.0,0.7292
1.0,1.0,0.0,0.0,1.0,0.0,1.0,0.0,0.0,1.0,0.0,0.0,0.75
1.0,1.0,0.0,0.0,1.0,0.0,1.0,0.0,0.0,0.0,1.0,0.0,0.8125
1.0,1.0,0.0,0.0,1.0,0.0,1.0,0.0,0.0,0.0,0.0,1.0,0.7292
0.0,0.0,0.0,0.0,1.0,0.0,0.0,1.0,0.0,1.0,0.0,0.0,0.7708
0.0,0.0,0.0,0.0,1.0,0.0,0.0,1.0,0.0,0.0,1.0,0.0,0.8125
0.0,0.0,0.0,0.0,1.0,0.0,0.0,1.0,0.0,0.0,0.0,1.0,0.7708
0.0,0.3333333333333333,0.0,0.0,1.0,0.0,0.0,1.0,0.0,1.0,0.0,0.0,0.75
0.0,0.3333333333333333,0.0,0.0,1.0,0.0,0.0,1.0,0.0,0.0,1.0,0.0,0.7917
0.0,0.3333333333333333,0.0,0.0,1.0,0.0,0.0,1.0,0.0,0.0,0.0,1.0,0.75
0.0,1.0,0.0,0.0,1.0,0.0,0.0,1.0,0.0,1.0,0.0,0.0,0.7083
0.0,1.0,0.0,0.0,1.0,0.0,0.0,1.0,0.0,0.0,1.0,0.0,0.7917
0.0,1.0,0.0,0.0,1.0,0.0,0.0,1.0,0.0,0.0,0.0,1.0,0.75
0.5,0.0,0.0,0.0,1.0,0.0,0.0,1.0,0.0,1.0,0.0,0.0,0.6875
0.5,0.0,0.0,0.0,1.0,0.0,0.0,1.0,0.0,0.0,1.0,0.0,0.8125
0.5,0.0,0.0,0.0,1.0,0.0,0.0,1.0,0.0,0.0,0.0,1.0,0.7708
0.5,0.3333333333333333,0.0,0.0,1.0,0.0,0.0,1.0,0.0,1.0,0.0,0.0,0.7083
0.5,0.3333333333333333,0.0,0.0,1.0,0.0,0.0,1.0,0.0,0.0,1.0,0.0,0.7708
0.5,0.3333333333333333,0.0,0.0,1.0,0.0,0.0,1.0,0.0,0.0,0.0,1.0,0.75
0.5,1.0,0.0,0.0,1.0,0.0,0.0,1.0,0.0,1.0,0.0,0.0,0.6875
0.5,1.0,0.0,0.0,1.0,0.0,0.0,1.0,0.0,0.0,1.0,0.0,0.7708
0.5,1.0,0.0,0.0,1.0,0.0,0.0,1.0,0.0,0.0,0.0,1.0,0.7083
1.0,0.0,0.0,0.0,1.0,0.0,0.0,1.0,0.0,1.0,0.0,0.0,0.6458
1.0,0.0,0.0,0.0,1.0,0.0,0.0,1.0,0.0,0.0,1.0,0.0,0.7917
1.0,0.0,0.0,0.0,1.0,0.0,0.0,1.0,0.0,0.0,0.0,1.0,0.7083
1.0,0.3333333333333333,0.0,0.0,1.0,0.0,0.0,1.0,0.0,1.0,0.0,0.0,0.6458
1.0,0.3333333333333333,0.0,0.0,1.0,0.0,0.0,1.0,0.0,0.0,1.0,0.0,0.75
1.0,0.3333333333333333,0.0,0.0,1.0,0.0,0.0,1.0,0.0,0.0,0.0,1.0,0.7083
1.0,1.0,0.0,0.0,1.0,0.0,0.0,1.0,0.0,1.0,0.0,0.0,0.7083
1.0,1.0,0.0,0.0,1.0,0.0,0.0,1.0,0.0,0.0,1.0,0.0,0.7292
1.0,1.0,0.0,0.0,1.0,0.0,0.0,1.0,0.0,0.0,0.0,1.0,0.75
0.0,0.0,0.0,0.0,1.0,0.0,0.0,0.0,1.0,1.0,0.0,0.0,0.7708
0.0,0.0,0.0,0.0,1.0,0.0,0.0,0.0,1.0,0.0,1.0,0.0,0.8125
0.0,0.0,0.0,0.0,1.0,0.0,0.0,0.0,1.0,0.0,0.0,1.0,0.7708
0.0,0.3333333333333333,0.0,0.0,1.0,0.0,0.0,0.0,1.0,1.0,0.0,0.0,0.7708
0.0,0.3333333333333333,0.0,0.0,1.0,0.0,0.0,0.0,1.0,0.0,1.0,0.0,0.8125
0.0,0.3333333333333333,0.0,0.0,1.0,0.0,0.0,0.0,1.0,0.0,0.0,1.0,0.7708
0.0,1.0,0.0,0.0,1.0,0.0,0.0,0.0,1.0,1.0,0.0,0.0,0.75
0.0,1.0,0.0,0.0,1.0,0.0,0.0,0.0,1.0,0.0,1.0,0.0,0.7917
0.0,1.0,0.0,0.0,1.0,0.0,0.0,0.0,1.0,0.0,0.0,1.0,0.7292
0.5,0.0,0.0,0.0,1.0,0.0,0.0,0.0,1.0,1.0,0.0,0.0,0.7708
0.5,0.0,0.0,0.0,1.0,0.0,0.0,0.0,1.0,0.0,1.0,0.0,0.7917
0.5,0.0,0.0,0.0,1.0,0.0,0.0,0.0,1.0,0.0,0.0,1.0,0.7708
0.5,0.3333333333333333,0.0,0.0,1.0,0.0,0.0,0.0,1.0,1.0,0.0,0.0,0.7708
0.5,0.3333333333333333,0.0,0.0,1.0,0.0,0.0,0.0,1.0,0.0,1.0,0.0,0.7917
0.5,0.3333333333333333,0.0,0.0,1.0,0.0,0.0,0.0,1.0,0.0,0.0,1.0,0.7708
0.5,1.0,0.0,0.0,1.0,0.0,0.0,0.0,1.0,1.0,0.0,0.0,0.7083
0.5,1.0,0.0,0.0,1.0,0.0,0.0,0.0,1.0,0.0,1.0,0.0,0.7917
0.5,1.0,0.0,0.0,1.0,0.0,0.0,0.0,1.0,0.0,0.0,1.0,0.7708
1.0,0.0,0.0,0.0,1.0,0.0,0.0,0.0,1.0,1.0,0.0,0.0,0.7292
1.0,0.0,0.0,0.0,1.0,0.0,0.0,0.0,1.0,0.0,1.0,0.0,0.75
1.0,0.0,0.0,0.0,1.0,0.0,0.0,0.0,1.0,0.0,0.0,1.0,0.7708
1.0,0.3333333333333333,0.0,0.0,1.0,0.0,0.0,0.0,1.0,1.0,0.0,0.0,0.6667
1.0,0.3333333333333333,0.0,0.0,1.0,0.0,0.0,0.0,1.0,0.0,1.0,0.0,0.8125
1.0,0.3333333333333333,0.0,0.0,1.0,0.0,0.0,0.0,1.0,0.0,0.0,1.0,0.7708
1.0,1.0,0.0,0.0,1.0,0.0,0.0,0.0,1.0,1.0,0.0,0.0,0.7083
1.0,1.0,0.0,0.0,1.0,0.0,0.0,0.0,1.0,0.0,1.0,0.0,0.75
1.0,1.0,0.0,0.0,1.0,0.0,0.0,0.0,1.0,0.0,0.0,1.0,0.75
