0.0,0.0,1.0,0.0,0.0,1.0,0.0,0.0,0.0,1.0,0.0,0.0,0.976
0.0,0.0,1.0,0.0,0.0,1.0,0.0,0.0,0.0,0.0,1.0,0.0,0.9115
0.0,0.0,1.0,0.0,0.0,1.0,0.0,0.0,0.0,0.0,0.0,1.0,0.975
0.0,0.3333333333333333,1.0,0.0,0.0,1.0,0.0,0.0,0.0,1.0,0.0,0.0,0.9927
0.0,0.3333333333333333,1.0,0.0,0.0,1.0,0.0,0.0,0.0,0.0,1.0,0.0,0.924
0.0,0.3333333333333333,1.0,0.0,0.0,1.0,0.0,0.0,0.0,0.0,0.0,1.0,0.9885
0.0,1.0,1.0,0.0,0.0,1.0,0.0,0.0,0.0,1.0,0.0,0.0,0.9948
0.0,1.0,1.0,0.0,0.0,1.0,0.0,0.0,0.0,0.0,1.0,0.0,0.9177
0.0,1.0,1.0,0.0,0.0,1.0,0.0,0.0,0.0,0.0,0.0,1.0,0.9854
0.5,0.0,1.0,0.0,0.0,1.0,0.0,0.0,0.0,1.0,0.0,0.0,0.9833
0.5,0.0,1.0,0.0,0.0,1.0,0.0,0.0,0.0,0.0,1.0,0.0,0.9062
0.5,0.0,1.0,0.0,0.0,1.0,0.0,0.0,0.0,0.0,0.0,1.0,0.9792
0.5,0.3333333333333333,1.0,0.0,0.0,1.0,0.0,0.0,0.0,1.0,0.0,0.0,0.9906
0.5,0.3333333333333333,1.0,0.0,0.0,1.0,0.0,0.0,0.0,0.0,1.0,0.0,0.9115
0.5,0.3333333333333333,1.0,0.0,0.0,1.0,0.0,0.0,0.0,0.0,0.0,1.0,0.9865
0.5,1.0,1.0,0.0,0.0,1.0,0.0,0.0,0.0,1.0,0.0,0.0,0.9948
0.5,1.0,1.0,0.0,0.0,1.0,0.0,0.0,0.0,0.0,1.0,0.0,0.9198
0.5,1.0,1.0,0.0,0.0,1.0,0.0,0.0,0.0,0.0,0.0,1.0,0.9875
1.0,0.0,1.0,0.0,0.0,1.0,0.0,0.0,0.0,1.0,0.0,0.0,0.9854
1.0,0.0,1.0,0.0,0.0,1.0,0.0,0.0,0.0,0.0,1.0,0.0,0.9146
1.0,0.0,1.0,0.0,0.0,1.0,0.0,0.0,0.0,0.0,0.0,1.0,0.9708
1.0,0.3333333333333333,1.0,0.0,0.0,1.0,0.0,0.0,0.0,1.0,0.0,0.0,0.9927
1.0,0.3333333333333333,1.0,0.0,0.0,1.0,0.0,0.0,0.0,0.0,1.0,0.0,0.924
1.0,0.3333333333333333,1.0,0.0,0.0,1.0,0.0,0.0,0.0,0.0,0.0,1.0,0.974
1.0,1.0,1.0,0.0,0.0,1.0,0.0,0.0,0.0,1.0,0.0,0.0,0.9906
1.0,1.0,1.0,0.0,0.0,1.0,0.0,0.0,0.0,0.0,1.0,0.0,0.9167
1.0,1.0,1.0,0.0,0.0,1.0,0.0,0.0,0.0,0.0,0.0,1.0,0.9885
0.0,0.0,1.0,0.0,0.0,0.0,1.0,0.0,0.0,1.0,0.0,0.0,0.9844
0.0,0.0,1.0,0.0,0.0,0.0,1.0,0.0,0.0,0.0,1.0,0.0,0.9188
0.0,0.0,1.0,0.0,0.0,0.0,1.0,0.0,0.0,0.0,0.0,1.0,0.9844
0.0,0.3333333333333333,1.0,0.0,0.0,0.0,1.0,0.0,0.0,1.0,0.0,0.0,0.9969
0.0,0.3333333333333333,1.0,0.0,0.0,0.0,1.0,0.0,0.0,0.0,1.0,0.0,0.9344
0.0,0.3333333333333333,1.0,0.0,0.0,0.0,1.0,0.0,0.0,0.0,0.0,1.0,0.9875
0.0,1.0,1.0,0.0,0.0,0.0,1.0,0.0,0.0,1.0,0.0,0.0,0.9958
0.0,1.0,1.0,0.0,0.0,0.0,1.0,0.0,0.0,0.0,1.0,0.0,0.9354
0.0,1.0,1.0,0.0,0.0,0.0,1.0,0.0,0.0,0.0,0.0,1.0,0.9958
0.5,0.0,1.0,0.0,0.0,0.0,1.0,0.0,0.0,1.0,0.0,0.0,0.9917
0.5,0.0,1.0,0.0,0.0,0.0,1.0,0.0,0.0,0.0,1.0,0.0,0.8365
0.5,0.0,1.0,0.0,0.0,0.0,1.0,0.0,0.0,0.0,0.0,1.0,0.9896
0.5,0.3333333333333333,1.0,0.0,0.0,0.0,1.0,0.0,0.0,1.0,0.0,0.0,0.9948
0.5,0.3333333333333333,1.0,0.0,0.0,0.0,1.0,0.0,0.0,0.0,1.0,0.0,0.9479
0.5,0.3333333333333333,1.0,0.0,0.0,0.0,1.0,0.0,0.0,0.0,0.0,1.0,0.9927
0.5,1.0,1.0,0.0,0.0,0.0,1.0,0.0,0.0,1.0,0.0,0.0,0.9938
0.5,1.0,1.0,0.0,0.0,0.0,1.0,0.0,0.0,0.0,1.0,0.0,0.9479
0.5,1.0,1.0,0.0,0.0,0.0,1.0,0.0,0.0,0.0,0.0,1.0,0.9917
1.0,0.0,1.0,0.0,0.0,0.0,1.0,0.0,0.0,1.0,0.0,0.0,0.9927
1.0,0.0,1.0,0.0,0.0,0.0,1.0,0.0,0.0,0.0,1.0,0.0,0.9531
1.0,0.0,1.0,0.0,0.0,0.0,1.0,0.0,0.0,0.0,0.0,1.0,0.9844
1.0,0.3333333333333333,1.0,0.0,0.0,0.0,1.0,0.0,0.0,1.0,0.0,0.0,0.9896
1.0,0.3333333333333333,1.0,0.0,0.0,0.0,1.0,0.0,0.0,0.0,1.0,0.0,0.9625
1.0,0.3333333333333333,1.0,0.0,0.0,0.0,1.0,0.0,0.0,0.0,0.0,1.0,0.9802
1.0,1.0,1.0,0.0,0.0,0.0,1.0,0.0,0.0,1.0,0.0,0.0,0.9958
1.0,1.0,1.0,0.0,0.0,0.0,1.0,0.0,0.0,0.0,1.0,0.0,0.9677
1.0,1.0,1.0,0.0,0.0,0.0,1.0,0.0,0.0,0.0,0.0,1.0,0.9938
0.0,0.0,1.0,0.0,0.0,0.0,0.0,1.0,0.0,1.0,0.0,0.0,0.9906
0.0,0.0,1.0,0.0,0.0,0.0,0.0,1.0,0.0,0.0,1.0,0.0,0.9115
0.0,0.0,1.0,0.0,0.0,0.0,0.0,1.0,0.0,0.0,0.0,1.0,0.9917
0.0,0.3333333333333333,1.0,0.0,0.0,0.0,0.0,1.0,0.0,1.0,0.0,0.0,0.9948
0.0,0.3333333333333333,1.0,0.0,0.0,0.0,0.0,1.0,0.0,0.0,1.0,0.0,0.9469
0.0,0.3333333333333333,1.0,0.0,0.0,0.0,0.0,1.0,0.0,0.0,0.0,1.0,0.9938
0.0,1.0,1.0,0.0,0.0,0.0,0.0,1.0,0.0,1.0,0.0,0.0,0.9938
0.0,1.0,1.0,0.0,0.0,0.0,0.0,1.0,0.0,0.0,1.0,0.0,0.9635
0.0,1.0,1.0,0.0,0.0,0.0,0.0,1.0,0.0,0.0,0.0,1.0,0.9906
0.5,0.0,1.0,0.0,0.0,0.0,0.0,1.0,0.0,1.0,0.0,0.0,0.9938
0.5,0.0,1.0,0.0,0.0,0.0,0.0,1.0,0.0,0.0,1.0,0.0,0.9302
0.5,0.0,1.0,0.0,0.0,0.0,0.0,1.0,0.0,0.0,0.0,1.0,0.9927
0.5,0.3333333333333333,1.0,0.0,0.0,0.0,0.0,1.0,0.0,1.0,0.0,0.0,0.9938
0.5,0.3333333333333333,1.0,0.0,0.0,0.0,0.0,1.0,0.0,0.0,1.0,0.0,0.9542
0.5,0.3333333333333333,1.0,0.0,0.0,0.0,0.0,1.0,0.0,0.0,0.0,1.0,0.9896
0.5,1.0,1.0,0.0,0.0,0.0,0.0,1.0,0.0,1.0,0.0,0.0,0.9969
0.5,1.0,1.0,0.0,0.0,0.0,0.0,1.0,0.0,0.0,1.0,0.0,0.9698
0.5,1.0,1.0,0.0,0.0,0.0,0.0,1.0,0.0,0.0,0.0,1.0,0.9927
1.0,0.0,1.0,0.0,0.0,0.0,0.0,1.0,0.0,1.0,0.0,0.0,0.9958
1.0,0.0,1.0,0.0,0.0,0.0,0.0,1.0,0.0,0.0,1.0,0.0,0.9688
1.0,0.0,1.0,0.0,0.0,0.0,0.0,1.0,0.0,0.0,0.0,1.0,0.9948
1.0,0.3333333333333333,1.0,0.0,0.0,0.0,0.0,1.0,0.0,1.0,0.0,0.0,0.9958
1.0,0.3333333333333333,1.0,0.0,0.0,0.0,0.0,1.0,0.0,0.0,1.0,0.0,0.9812
1.0,0.3333333333333333,1.0,0.0,0.0,0.0,0.0,1.0,0.0,0.0,0.0,1.0,0.9833
1.0,1.0,1.0,0.0,0.0,0.0,0.0,1.0,0.0,1.0,0.0,0.0,0.9948
1.0,1.0,1.0,0.0,0.0,0.0,0.0,1.0,0.0,0.0,1.0,0.0,0.9781
1.0,1.0,1.0,0.0,0.0,0.0,0.0,1.0,0.0,0.0,0.0,1.0,0.9854
0.0,0.0,1.0,0.0,0.0,0.0,0.0,0.0,1.0,1.0,0.0,0.0,0.9812
0.0,0.0,1.0,0.0,0.0,0.0,0.0,0.0,1.0,0.0,1.0,0.0,0.9219
0.0,0.0,1.0,0.0,0.0,0.0,0.0,0.0,1.0,0.0,0.0,1.0,0.9792
0.0,0.3333333333333333,1.0,0.0,0.0,0.0,0.0,0.0,1.0,1.0,0.0,0.0,0.9917
0.0,0.3333333333333333,1.0,0.0,0.0,0.0,0.0,0.0,1.0,0.0,1.0,0.0,0.9229
0.0,0.3333333333333333,1.0,0.0,0.0,0.0,0.0,0.0,1.0,0.0,0.0,1.0,0.9854
0.0,1.0,1.0,0.0,0.0,0.0,0.0,0.0,1.0,1.0,0.0,0.0,0.9917
0.0,1.0,1.0,0.0,0.0,0.0,0.0,0.0,1.0,0.0,1.0,0.0,0.9302
0.0,1.0,1.0,0.0,0.0,0.0,0.0,0.0,1.0,0.0,0.0,1.0,0.9906
0.5,0.0,1.0,0.0,0.0,0.0,0.0,0.0,1.0,1.0,0.0,0.0,0.9833
0.5,0.0,1.0,0.0,0.0,0.0,0.0,0.0,1.0,0.0,1.0,0.0,0.8365
0.5,0.0,1.0,0.0,0.0,0.0,0.0,0.0,1.0,0.0,0.0,1.0,0.9677
0.5,0.3333333333333333,1.0,0.0,0.0,0.0,0.0,0.0,1.0,1.0,0.0,0.0,0.9958
0.5,0.3333333333333333,1.0,0.0,0.0,0.0,0.0,0.0,1.0,0.0,1.0,0.0,0.9125
0.5,0.3333333333333333,1.0,0.0,0.0,0.0,0.0,0.0,1.0,0.0,0.0,1.0,0.9885
0.5,1.0,1.0,0.0,0.0,0.0,0.0,0.0,1.0,1.0,0.0,0.0,0.9917
0.5,1.0,1.0,0.0,0.0,0.0,0.0,0.0,1.0,0.0,1.0,0.0,0.9188
0.5,1.0,1.0,0.0,0.0,0.0,0.0,0.0,1.0,0.0,0.0,1.0,0.9906
1.0,0.0,1.0,0.0,0.0,0.0,0.0,0.0,1.0,1.0,0.0,0.0,0.9854
1.0,0.0,1.0,0.0,0.0,0.0,0.0,0.0,1.0,0.0,1.0,0.0,0.8365
1.0,0.0,1.0,0.0,0.0,0.0,0.0,0.0,1.0,0.0,0.0,1.0,0.9792
1.0,0.3333333333333333,1.0,0.0,0.0,0.0,0.0,0.0,1.0,1.0,0.0,0.0,0.9885
1.0,0.3333333333333333,1.0,0.0,0.0,0.0,0.0,0.0,1.0,0.0,1.0,0.0,0.9292
1.0,0.3333333333333333,1.0,0.0,0.0,0.0,0.0,0.0,1.0,0.0,0.0,1.0,0.9812
1.0,1.0,1.0,0.0,0.0,0.0,0.0,0.0,1.0,1.0,0.0,0.0,0.9948
1.0,1.0,1.0,0.0,0.0,0.0,0.0,0.0,1.0,0.0,1.0,0.0,0.9354
1.0,1.0,1.0,0.0,0.0,0.0,0.0,0.0,1.0,0.0,0.0,1.0,0.9917
0.0,0.0,0.0,1.0,0.0,1.0,0.0,0.0,0.0,1.0,0.0,0.0,0.9635
0.0,0.0,0.0,1.0,0.0,1.0,0.0,0.0,0.0,0.0,1.0,0.0,0.8542
0.0,0.0,0.0,1.0,0.0,1.0,0.0,0.0,0.0,0.0,0.0,1.0,0.9698
0.0,0.3333333333333333,0.0,1.0,0.0,1.0,0.0,0.0,0.0,1.0,0.0,0.0,0.9896
0.0,0.3333333333333333,0.0,1.0,0.0,1.0,0.0,0.0,0.0,0.0,1.0,0.0,0.9042
0.0,0.3333333333333333,0.0,1.0,0.0,1.0,0.0,0.0,0.0,0.0,0.0,1.0,0.9948
0.0,1.0,0.0,1.0,0.0,1.0,0.0,0.0,0.0,1.0,0.0,0.0,0.9906
0.0,1.0,0.0,1.0,0.0,1.0,0.0,0.0,0.0,0.0,1.0,0.0,0.9198
0.0,1.0,0.0,1.0,0.0,1.0,0.0,0.0,0.0,0.0,0.0,1.0,0.9875
0.5,0.0,0.0,1.0,0.0,1.0,0.0,0.0,0.0,1.0,0.0,0.0,0.9865
0.5,0.0,0.0,1.0,0.0,1.0,0.0,0.0,0.0,0.0,1.0,0.0,0.9021
0.5,0.0,0.0,1.0,0.0,1.0,0.0,0.0,0.0,0.0,0.0,1.0,0.9812
0.5,0.3333333333333333,0.0,1.0,0.0,1.0,0.0,0.0,0.0,1.0,0.0,0.0,0.9938
0.5,0.3333333333333333,0.0,1.0,0.0,1.0,0.0,0.0,0.0,0.0,1.0,0.0,0.9125
0.5,0.3333333333333333,0.0,1.0,0.0,1.0,0.0,0.0,0.0,0.0,0.0,1.0,0.9792
0.5,1.0,0.0,1.0,0.0,1.0,0.0,0.0,0.0,1.0,0.0,0.0,0.9906
0.5,1.0,0.0,1.0,0.0,1.0,0.0,0.0,0.0,0.0,1.0,0.0,0.9198
0.5,1.0,0.0,1.0,0.0,1.0,0.0,0.0,0.0,0.0,0.0,1.0,0.9823
1.0,0.0,0.0,1.0,0.0,1.0,0.0,0.0,0.0,1.0,0.0,0.0,0.975
1.0,0.0,0.0,1.0,0.0,1.0,0.0,0.0,0.0,0.0,1.0,0.0,0.9083
1.0,0.0,0.0,1.0,0.0,1.0,0.0,0.0,0.0,0.0,0.0,1.0,0.974
1.0,0.3333333333333333,0.0,1.0,0.0,1.0,0.0,0.0,0.0,1.0,0.0,0.0,0.9833
1.0,0.3333333333333333,0.0,1.0,0.0,1.0,0.0,0.0,0.0,0.0,1.0,0.0,0.9208
1.0,0.3333333333333333,0.0,1.0,0.0,1.0,0.0,0.0,0.0,0.0,0.0,1.0,0.9833
1.0,1.0,0.0,1.0,0.0,1.0,0.0,0.0,0.0,1.0,0.0,0.0,0.9927
1.0,1.0,0.0,1.0,0.0,1.0,0.0,0.0,0.0,0.0,1.0,0.0,0.9177
1.0,1.0,0.0,1.0,0.0,1.0,0.0,0.0,0.0,0.0,0.0,1.0,0.9875
0.0,0.0,0.0,1.0,0.0,0.0,1.0,0.0,0.0,1.0,0.0,0.0,0.9792
0.0,0.0,0.0,1.0,0.0,0.0,1.0,0.0,0.0,0.0,1.0,0.0,0.9104
0.0,0.0,0.0,1.0,0.0,0.0,1.0,0.0,0.0,0.0,0.0,1.0,0.9865
0.0,0.3333333333333333,0.0,1.0,0.0,0.0,1.0,0.0,0.0,1.0,0.0,0.0,0.9823
0.0,0.3333333333333333,0.0,1.0,0.0,0.0,1.0,0.0,0.0,0.0,1.0,0.0,0.9292
0.0,0.3333333333333333,0.0,1.0,0.0,0.0,1.0,0.0,0.0,0.0,0.0,1.0,0.9854
0.0,1.0,0.0,1.0,0.0,0.0,1.0,0.0,0.0,1.0,0.0,0.0,0.9948
0.0,1.0,0.0,1.0,0.0,0.0,1.0,0.0,0.0,0.0,1.0,0.0,0.9312
0.0,1.0,0.0,1.0,0.0,0.0,1.0,0.0,0.0,0.0,0.0,1.0,0.9927
0.5,0.0,0.0,1.0,0.0,0.0,1.0,0.0,0.0,1.0,0.0,0.0,0.9927
0.5,0.0,0.0,1.0,0.0,0.0,1.0,0.0,0.0,0.0,1.0,0.0,0.8833
0.5,0.0,0.0,1.0,0.0,0.0,1.0,0.0,0.0,0.0,0.0,1.0,0.9802
0.5,0.3333333333333333,0.0,1.0,0.0,0.0,1.0,0.0,0.0,1.0,0.0,0.0,0.9958
0.5,0.3333333333333333,0.0,1.0,0.0,0.0,1.0,0.0,0.0,0.0,1.0,0.0,0.9385
0.5,0.3333333333333333,0.0,1.0,0.0,0.0,1.0,0.0,0.0,0.0,0.0,1.0,0.9885
0.5,1.0,0.0,1.0,0.0,0.0,1.0,0.0,0.0,1.0,0.0,0.0,0.9948
0.5,1.0,0.0,1.0,0.0,0.0,1.0,0.0,0.0,0.0,1.0,0.0,0.9542
0.5,1.0,0.0,1.0,0.0,0.0,1.0,0.0,0.0,0.0,0.0,1.0,0.9927
1.0,0.0,0.0,1.0,0.0,0.0,1.0,0.0,0.0,1.0,0.0,0.0,0.9896
1.0,0.0,0.0,1.0,0.0,0.0,1.0,0.0,0.0,0.0,1.0,0.0,0.9562
1.0,0.0,0.0,1.0,0.0,0.0,1.0,0.0,0.0,0.0,0.0,1.0,0.9885
1.0,0.3333333333333333,0.0,1.0,0.0,0.0,1.0,0.0,0.0,1.0,0.0,0.0,0.9958
1.0,0.3333333333333333,0.0,1.0,0.0,0.0,1.0,0.0,0.0,0.0,1.0,0.0,0.9552
1.0,0.3333333333333333,0.0,1.0,0.0,0.0,1.0,0.0,0.0,0.0,0.0,1.0,0.9948
1.0,1.0,0.0,1.0,0.0,0.0,1.0,0.0,0.0,1.0,0.0,0.0,0.9948
1.0,1.0,0.0,1.0,0.0,0.0,1.0,0.0,0.0,0.0,1.0,0.0,0.9635
1.0,1.0,0.0,1.0,0.0,0.0,1.0,0.0,0.0,0.0,0.0,1.0,0.9969
0.0,0.0,0.0,1.0,0.0,0.0,0.0,1.0,0.0,1.0,0.0,0.0,0.9792
0.0,0.0,0.0,1.0,0.0,0.0,0.0,1.0,0.0,0.0,1.0,0.0,0.9052
0.0,0.0,0.0,1.0,0.0,0.0,0.0,1.0,0.0,0.0,0.0,1.0,0.9875
0.0,0.3333333333333333,0.0,1.0,0.0,0.0,0.0,1.0,0.0,1.0,0.0,0.0,0.9938
0.0,0.3333333333333333,0.0,1.0,0.0,0.0,0.0,1.0,0.0,0.0,1.0,0.0,0.9542
0.0,0.3333333333333333,0.0,1.0,0.0,0.0,0.0,1.0,0.0,0.0,0.0,1.0,0.9948
0.0,1.0,0.0,1.0,0.0,0.0,0.0,1.0,0.0,1.0,0.0,0.0,0.9958
0.0,1.0,0.0,1.0,0.0,0.0,0.0,1.0,0.0,0.0,1.0,0.0,0.9625
0.0,1.0,0.0,1.0,0.0,0.0,0.0,1.0,0.0,0.0,0.0,1.0,0.9927
0.5,0.0,0.0,1.0,0.0,0.0,0.0,1.0,0.0,1.0,0.0,0.0,0.9979
0.5,0.0,0.0,1.0,0.0,0.0,0.0,1.0,0.0,0.0,1.0,0.0,0.9125
0.5,0.0,0.0,1.0,0.0,0.0,0.0,1.0,0.0,0.0,0.0,1.0,0.9906
0.5,0.3333333333333333,0.0,1.0,0.0,0.0,0.0,1.0,0.0,1.0,0.0,0.0,0.9958
0.5,0.3333333333333333,0.0,1.0,0.0,0.0,0.0,1.0,0.0,0.0,1.0,0.0,0.9521
0.5,0.3333333333333333,0.0,1.0,0.0,0.0,0.0,1.0,0.0,0.0,0.0,1.0,0.9938
0.5,1.0,0.0,1.0,0.0,0.0,0.0,1.0,0.0,1.0,0.0,0.0,0.9979
0.5,1.0,0.0,1.0,0.0,0.0,0.0,1.0,0.0,0.0,1.0,0.0,0.9719
0.5,1.0,0.0,1.0,0.0,0.0,0.0,1.0,0.0,0.0,0.0,1.0,0.9958
1.0,0.0,0.0,1.0,0.0,0.0,0.0,1.0,0.0,1.0,0.0,0.0,0.9969
1.0,0.0,0.0,1.0,0.0,0.0,0.0,1.0,0.0,0.0,1.0,0.0,0.9427
1.0,0.0,0.0,1.0,0.0,0.0,0.0,1.0,0.0,0.0,0.0,1.0,0.9938
1.0,0.3333333333333333,0.0,1.0,0.0,0.0,0.0,1.0,0.0,1.0,0.0,0.0,0.9917
1.0,0.3333333333333333,0.0,1.0,0.0,0.0,0.0,1.0,0.0,0.0,1.0,0.0,0.9771
1.0,0.3333333333333333,0.0,1.0,0.0,0.0,0.0,1.0,0.0,0.0,0.0,1.0,0.9958
1.0,1.0,0.0,1.0,0.0,0.0,0.0,1.0,0.0,1.0,0.0,0.0,0.999
1.0,1.0,0.0,1.0,0.0,0.0,0.0,1.0,0.0,0.0,1.0,0.0,0.9812
1.0,1.0,0.0,1.0,0.0,0.0,0.0,1.0,0.0,0.0,0.0,1.0,0.9948
0.0,0.0,0.0,1.0,0.0,0.0,0.0,0.0,1.0,1.0,0.0,0.0,0.9781
0.0,0.0,0.0,1.0,0.0,0.0,0.0,0.0,1.0,0.0,1.0,0.0,0.8365
0.0,0.0,0.0,1.0,0.0,0.0,0.0,0.0,1.0,0.0,0.0,1.0,0.9719
0.0,0.3333333333333333,0.0,1.0,0.0,0.0,0.0,0.0,1.0,1.0,0.0,0.0,0.9865
0.0,0.3333333333333333,0.0,1.0,0.0,0.0,0.0,0.0,1.0,0.0,1.0,0.0,0.901
0.0,0.3333333333333333,0.0,1.0,0.0,0.0,0.0,0.0,1.0,0.0,0.0,1.0,0.9792
0.0,1.0,0.0,1.0,0.0,0.0,0.0,0.0,1.0,1.0,0.0,0.0,0.9927
0.0,1.0,0.0,1.0,0.0,0.0,0.0,0.0,1.0,0.0,1.0,0.0,0.9281
0.0,1.0,0.0,1.0,0.0,0.0,0.0,0.0,1.0,0.0,0.0,1.0,0.9896
0.5,0.0,0.0,1.0,0.0,0.0,0.0,0.0,1.0,1.0,0.0,0.0,0.9844
0.5,0.0,0.0,1.0,0.0,0.0,0.0,0.0,1.0,0.0,1.0,0.0,0.8365
0.5,0.0,0.0,1.0,0.0,0.0,0.0,0.0,1.0,0.0,0.0,1.0,0.9667
0.5,0.3333333333333333,0.0,1.0,0.0,0.0,0.0,0.0,1.0,1.0,0.0,0.0,0.9896
0.5,0.3333333333333333,0.0,1.0,0.0,0.0,0.0,0.0,1.0,0.0,1.0,0.0,0.9094
0.5,0.3333333333333333,0.0,1.0,0.0,0.0,0.0,0.0,1.0,0.0,0.0,1.0,0.9833
0.5,1.0,0.0,1.0,0.0,0.0,0.0,0.0,1.0,1.0,0.0,0.0,0.9938
0.5,1.0,0.0,1.0,0.0,0.0,0.0,0.0,1.0,0.0,1.0,0.0,0.9188
0.5,1.0,0.0,1.0,0.0,0.0,0.0,0.0,1.0,0.0,0.0,1.0,0.9885
1.0,0.0,0.0,1.0,0.0,0.0,0.0,0.0,1.0,1.0,0.0,0.0,0.975
1.0,0.0,0.0,1.0,0.0,0.0,0.0,0.0,1.0,0.0,1.0,0.0,0.8365
1.0,0.0,0.0,1.0,0.0,0.0,0.0,0.0,1.0,0.0,0.0,1.0,0.9729
1.0,0.3333333333333333,0.0,1.0,0.0,0.0,0.0,0.0,1.0,1.0,0.0,0.0,0.9865
1.0,0.3333333333333333,0.0,1.0,0.0,0.0,0.0,0.0,1.0,0.0,1.0,0.0,0.9229
1.0,0.3333333333333333,0.0,1.0,0.0,0.0,0.0,0.0,1.0,0.0,0.0,1.0,0.9781
1.0,1.0,0.0,1.0,0.0,0.0,0.0,0.0,1.0,1.0,0.0,0.0,0.9906
1.0,1.0,0.0,1.0,0.0,0.0,0.0,0.0,1.0,0.0,1.0,0.0,0.9188
1.0,1.0,0.0,1.0,0.0,0.0,0.0,0.0,1.0,0.0,0.0,1.0,0.9865
0.0,0.0,0.0,0.0,1.0,1.0,0.0,0.0,0.0,1.0,0.0,0.0,0.974
0.0,0.0,0.0,0.0,1.0,1.0,0.0,0.0,0.0,0.0,1.0,0.0,0.9375
0.0,0.0,0.0,0.0,1.0,1.0,0.0,0.0,0.0,0.0,0.0,1.0,0.9781
0.0,0.3333333333333333,0.0,0.0,1.0,1.0,0.0,0.0,0.0,1.0,0.0,0.0,0.9896
0.0,0.3333333333333333,0.0,0.0,1.0,1.0,0.0,0.0,0.0,0.0,1.0,0.0,0.9458
0.0,0.3333333333333333,0.0,0.0,1.0,1.0,0.0,0.0,0.0,0.0,0.0,1.0,0.9833
0.0,1.0,0.0,0.0,1.0,1.0,0.0,0.0,0.0,1.0,0.0,0.0,0.9917
0.0,1.0,0.0,0.0,1.0,1.0,0.0,0.0,0.0,0.0,1.0,0.0,0.9479
0.0,1.0,0.0,0.0,1.0,1.0,0.0,0.0,0.0,0.0,0.0,1.0,0.9906
0.5,0.0,0.0,0.0,1.0,1.0,0.0,0.0,0.0,1.0,0.0,0.0,0.9802
0.5,0.0,0.0,0.0,1.0,1.0,0.0,0.0,0.0,0.0,1.0,0.0,0.9583
0.5,0.0,0.0,0.0,1.0,1.0,0.0,0.0,0.0,0.0,0.0,1.0,0.9802
0.5,0.3333333333333333,0.0,0.0,1.0,1.0,0.0,0.0,0.0,1.0,0.0,0.0,0.9896
0.5,0.3333333333333333,0.0,0.0,1.0,1.0,0.0,0.0,0.0,0.0,1.0,0.0,0.9531
0.5,0.3333333333333333,0.0,0.0,1.0,1.0,0.0,0.0,0.0,0.0,0.0,1.0,0.9802
0.5,1.0,0.0,0.0,1.0,1.0,0.0,0.0,0.0,1.0,0.0,0.0,0.9854
0.5,1.0,0.0,0.0,1.0,1.0,0.0,0.0,0.0,0.0,1.0,0.0,0.95
0.5,1.0,0.0,0.0,1.0,1.0,0.0,0.0,0.0,0.0,0.0,1.0,0.9917
1.0,0.0,0.0,0.0,1.0,1.0,0.0,0.0,0.0,1.0,0.0,0.0,0.9844
1.0,0.0,0.0,0.0,1.0,1.0,0.0,0.0,0.0,0.0,1.0,0.0,0.9552
1.0,0.0,0.0,0.0,1.0,1.0,0.0,0.0,0.0,0.0,0.0,1.0,0.9833
1.0,0.3333333333333333,0.0,0.0,1.0,1.0,0.0,0.0,0.0,1.0,0.0,0.0,0.9844
1.0,0.3333333333333333,0.0,0.0,1.0,1.0,0.0,0.0,0.0,0.0,1.0,0.0,0.9615
1.0,0.3333333333333333,0.0,0.0,1.0,1.0,0.0,0.0,0.0,0.0,0.0,1.0,0.9802
1.0,1.0,0.0,0.0,1.0,1.0,0.0,0.0,0.0,1.0,0.0,0.0,0.8969
1.0,1.0,0.0,0.0,1.0,1.0,0.0,0.0,0.0,0.0,1.0,0.0,0.9667
1.0,1.0,0.0,0.0,1.0,1.0,0.0,0.0,0.0,0.0,0.0,1.0,0.9885
0.0,0.0,0.0,0.0,1.0,0.0,1.0,0.0,0.0,1.0,0.0,0.0,0.9896
0.0,0.0,0.0,0.0,1.0,0.0,1.0,0.0,0.0,0.0,1.0,0.0,0.9323
0.0,0.0,0.0,0.0,1.0,0.0,1.0,0.0,0.0,0.0,0.0,1.0,0.9865
0.0,0.3333333333333333,0.0,0.0,1.0,0.0,1.0,0.0,0.0,1.0,0.0,0.0,0.9927
0.0,0.3333333333333333,0.0,0.0,1.0,0.0,1.0,0.0,0.0,0.0,1.0,0.0,0.9469
0.0,0.3333333333333333,0.0,0.0,1.0,0.0,1.0,0.0,0.0,0.0,0.0,1.0,0.9896
0.0,1.0,0.0,0.0,1.0,0.0,1.0,0.0,0.0,1.0,0.0,0.0,0.9938
0.0,1.0,0.0,0.0,1.0,0.0,1.0,0.0,0.0,0.0,1.0,0.0,0.9635
0.0,1.0,0.0,0.0,1.0,0.0,1.0,0.0,0.0,0.0,0.0,1.0,0.9927
0.5,0.0,0.0,0.0,1.0,0.0,1.0,0.0,0.0,1.0,0.0,0.0,0.9917
0.5,0.0,0.0,0.0,1.0,0.0,1.0,0.0,0.0,0.0,1.0,0.0,0.9458
0.5,0.0,0.0,0.0,1.0,0.0,1.0,0.0,0.0,0.0,0.0,1.0,0.9906
0.5,0.3333333333333333,0.0,0.0,1.0,0.0,1.0,0.0,0.0,1.0,0.0,0.0,0.9948
0.5,0.3333333333333333,0.0,0.0,1.0,0.0,1.0,0.0,0.0,0.0,1.0,0.0,0.9604
0.5,0.3333333333333333,0.0,0.0,1.0,0.0,1.0,0.0,0.0,0.0,0.0,1.0,0.9906
0.5,1.0,0.0,0.0,1.0,0.0,1.0,0.0,0.0,1.0,0.0,0.0,0.9938
0.5,1.0,0.0,0.0,1.0,0.0,1.0,0.0,0.0,0.0,1.0,0.0,0.9625
0.5,1.0,0.0,0.0,1.0,0.0,1.0,0.0,0.0,0.0,0.0,1.0,0.9927
1.0,0.0,0.0,0.0,1.0,0.0,1.0,0.0,0.0,1.0,0.0,0.0,0.9948
1.0,0.0,0.0,0.0,1.0,0.0,1.0,0.0,0.0,0.0,1.0,0.0,0.9615
1.0,0.0,0.0,0.0,1.0,0.0,1.0,0.0,0.0,0.0,0.0,1.0,0.9885
1.0,0.3333333333333333,0.0,0.0,1.0,0.0,1.0,0.0,0.0,1.0,0.0,0.0,0.9948
1.0,0.3333333333333333,0.0,0.0,1.0,0.0,1.0,0.0,0.0,0.0,1.0,0.0,0.9698
1.0,0.3333333333333333,0.0,0.0,1.0,0.0,1.0,0.0,0.0,0.0,0.0,1.0,0.9938
1.0,1.0,0.0,0.0,1.0,0.0,1.0,0.0,0.0,1.0,0.0,0.0,0.9938
1.0,1.0,0.0,0.0,1.0,0.0,1.0,0.0,0.0,0.0,1.0,0.0,0.9635
1.0,1.0,0.0,0.0,1.0,0.0,1.0,0.0,0.0,0.0,0.0,1.0,0.9906
0.0,0.0,0.0,0.0,1.0,0.0,0.0,1.0,0.0,1.0,0.0,0.0,0.9896
0.0,0.0,0.0,0.0,1.0,0.0,0.0,1.0,0.0,0.0,1.0,0.0,0.9552
0.0,0.0,0.0,0.0,1.0,0.0,0.0,1.0,0.0,0.0,0.0,1.0,0.9896
0.0,0.3333333333333333,0.0,0.0,1.0,0.0,0.0,1.0,0.0,1.0,0.0,0.0,0.9938
0.0,0.3333333333333333,0.0,0.0,1.0,0.0,0.0,1.0,0.0,0.0,1.0,0.0,0.951
0.0,0.3333333333333333,0.0,0.0,1.0,0.0,0.0,1.0,0.0,0.0,0.0,1.0,0.9906
0.0,1.0,0.0,0.0,1.0,0.0,0.0,1.0,0.0,1.0,0.0,0.0,0.9948
0.0,1.0,0.0,0.0,1.0,0.0,0.0,1.0,0.0,0.0,1.0,0.0,0.9667
0.0,1.0,0.0,0.0,1.0,0.0,0.0,1.0,0.0,0.0,0.0,1.0,0.9917
0.5,0.0,0.0,0.0,1.0,0.0,0.0,1.0,0.0,1.0,0.0,0.0,0.9948
0.5,0.0,0.0,0.0,1.0,0.0,0.0,1.0,0.0,0.0,1.0,0.0,0.9635
0.5,0.0,0.0,0.0,1.0,0.0,0.0,1.0,0.0,0.0,0.0,1.0,0.9927
0.5,0.3333333333333333,0.0,0.0,1.0,0.0,0.0,1.0,0.0,1.0,0.0,0.0,0.9969
0.5,0.3333333333333333,0.0,0.0,1.0,0.0,0.0,1.0,0.0,0.0,1.0,0.0,0.974
0.5,0.3333333333333333,0.0,0.0,1.0,0.0,0.0,1.0,0.0,0.0,0.0,1.0,0.9896
0.5,1.0,0.0,0.0,1.0,0.0,0.0,1.0,0.0,1.0,0.0,0.0,0.9958
0.5,1.0,0.0,0.0,1.0,0.0,0.0,1.0,0.0,0.0,1.0,0.0,0.976
0.5,1.0,0.0,0.0,1.0,0.0,0.0,1.0,0.0,0.0,0.0,1.0,0.999
1.0,0.0,0.0,0.0,1.0,0.0,0.0,1.0,0.0,1.0,0.0,0.0,0.9948
1.0,0.0,0.0,0.0,1.0,0.0,0.0,1.0,0.0,0.0,1.0,0.0,0.9771
1.0,0.0,0.0,0.0,1.0,0.0,0.0,1.0,0.0,0.0,0.0,1.0,0.9854
1.0,0.3333333333333333,0.0,0.0,1.0,0.0,0.0,1.0,0.0,1.0,0.0,0.0,0.9948
1.0,0.3333333333333333,0.0,0.0,1.0,0.0,0.0,1.0,0.0,0.0,1.0,0.0,0.9844
1.0,0.3333333333333333,0.0,0.0,1.0,0.0,0.0,1.0,0.0,0.0,0.0,1.0,0.9771
1.0,1.0,0.0,0.0,1.0,0.0,0.0,1.0,0.0,1.0,0.0,0.0,0.9948
1.0,1.0,0.0,0.0,1.0,0.0,0.0,1.0,0.0,0.0,1.0,0.0,0.9812
1.0,1.0,0.0,0.0,1.0,0.0,0.0,1.0,0.0,0.0,0.0,1.0,0.9896
0.0,0.0,0.0,0.0,1.0,0.0,0.0,0.0,1.0,1.0,0.0,0.0,0.9823
0.0,0.0,0.0,0.0,1.0,0.0,0.0,0.0,1.0,0.0,1.0,0.0,0.9438
0.0,0.0,0.0,0.0,1.0,0.0,0.0,0.0,1.0,0.0,0.0,1.0,0.9729
0.0,0.3333333333333333,0.0,0.0,1.0,0.0,0.0,0.0,1.0,1.0,0.0,0.0,0.9885
0.0,0.3333333333333333,0.0,0.0,1.0,0.0,0.0,0.0,1.0,0.0,1.0,0.0,0.9469
0.0,0.3333333333333333,0.0,0.0,1.0,0.0,0.0,0.0,1.0,0.0,0.0,1.0,0.9802
0.0,1.0,0.0,0.0,1.0,0.0,0.0,0.0,1.0,1.0,0.0,0.0,0.9958
0.0,1.0,0.0,0.0,1.0,0.0,0.0,0.0,1.0,0.0,1.0,0.0,0.9552
0.0,1.0,0.0,0.0,1.0,0.0,0.0,0.0,1.0,0.0,0.0,1.0,0.9917
0.5,0.0,0.0,0.0,1.0,0.0,0.0,0.0,1.0,1.0,0.0,0.0,0.9729
0.5,0.0,0.0,0.0,1.0,0.0,0.0,0.0,1.0,0.0,1.0,0.0,0.951
0.5,0.0,0.0,0.0,1.0,0.0,0.0,0.0,1.0,0.0,0.0,1.0,0.9781
0.5,0.3333333333333333,0.0,0.0,1.0,0.0,0.0,0.0,1.0,1.0,0.0,0.0,0.9896
0.5,0.3333333333333333,0.0,0.0,1.0,0.0,0.0,0.0,1.0,0.0,1.0,0.0,0.951
0.5,0.3333333333333333,0.0,0.0,1.0,0.0,0.0,0.0,1.0,0.0,0.0,1.0,0.9802
0.5,1.0,0.0,0.0,1.0,0.0,0.0,0.0,1.0,1.0,0.0,0.0,0.9948
0.5,1.0,0.0,0.0,1.0,0.0,0.0,0.0,1.0,0.0,1.0,0.0,0.9656
0.5,1.0,0.0,0.0,1.0,0.0,0.0,0.0,1.0,0.0,0.0,1.0,0.9917
1.0,0.0,0.0,0.0,1.0,0.0,0.0,0.0,1.0,1.0,0.0,0.0,0.9792
1.0,0.0,0.0,0.0,1.0,0.0,0.0,0.0,1.0,0.0,1.0,0.0,0.9531
1.0,0.0,0.0,0.0,1.0,0.0,0.0,0.0,1.0,0.0,0.0,1.0,0.9823
1.0,0.3333333333333333,0.0,0.0,1.0,0.0,0.0,0.0,1.0,1.0,0.0,0.0,0.9906
1.0,0.3333333333333333,0.0,0.0,1.0,0.0,0.0,0.0,1.0,0.0,1.0,0.0,0.9562
1.0,0.3333333333333333,0.0,0.0,1.0,0.0,0.0,0.0,1.0,0.0,0.0,1.0,0.9885
1.0,1.0,0.0,0.0,1.0,0.0,0.0,0.0,1.0,1.0,0.0,0.0,0.9781
1.0,1.0,0.0,0.0,1.0,0.0,0.0,0.0,1.0,0.0,1.0,0.0,0.9646
1.0,1.0,0.0,0.0,1.0,0.0,0.0,0.0,1.0,0.0,0.0,1.0,0.9917
