0.0,0.0,1.0,0.0,0.0,1.0,0.0,0.0,0.0,1.0,0.0,0.0,0.9028
0.0,0.0,1.0,0.0,0.0,1.0,0.0,0.0,0.0,0.0,1.0,0.0,0.6181
0.0,0.0,1.0,0.0,0.0,1.0,0.0,0.0,0.0,0.0,0.0,1.0,0.9097
0.0,0.3333333333333333,1.0,0.0,0.0,1.0,0.0,0.0,0.0,1.0,0.0,0.0,0.9028
0.0,0.3333333333333333,1.0,0.0,0.0,1.0,0.0,0.0,0.0,0.0,1.0,0.0,0.8125
0.0,0.3333333333333333,1.0,0.0,0.0,1.0,0.0,0.0,0.0,0.0,0.0,1.0,0.9097
0.0,1.0,1.0,0.0,0.0,1.0,0.0,0.0,0.0,1.0,0.0,0.0,0.9097
0.0,1.0,1.0,0.0,0.0,1.0,0.0,0.0,0.0,0.0,1.0,0.0,0.8681
0.0,1.0,1.0,0.0,0.0,1.0,0.0,0.0,0.0,0.0,0.0,1.0,0.9167
0.5,0.0,1.0,0.0,0.0,1.0,0.0,0.0,0.0,1.0,0.0,0.0,0.875
0.5,0.0,1.0,0.0,0.0,1.0,0.0,0.0,0.0,0.0,1.0,0.0,0.6181
0.5,0.0,1.0,0.0,0.0,1.0,0.0,0.0,0.0,0.0,0.0,1.0,0.8958
0.5,0.3333333333333333,1.0,0.0,0.0,1.0,0.0,0.0,0.0,1.0,0.0,0.0,0.8958
0.5,0.3333333333333333,1.0,0.0,0.0,1.0,0.0,0.0,0.0,0.0,1.0,0.0,0.7847
0.5,0.3333333333333333,1.0,0.0,0.0,1.0,0.0,0.0,0.0,0.0,0.0,1.0,0.9028
0.5,1.0,1.0,0.0,0.0,1.0,0.0,0.0,0.0,1.0,0.0,0.0,0.9236
0.5,1.0,1.0,0.0,0.0,1.0,0.0,0.0,0.0,0.0,1.0,0.0,0.7986
0.5,1.0,1.0,0.0,0.0,1.0,0.0,0.0,0.0,0.0,0.0,1.0,0.9306
1.0,0.0,1.0,0.0,0.0,1.0,0.0,0.0,0.0,1.0,0.0,0.0,0.8958
1.0,0.0,1.0,0.0,0.0,1.0,0.0,0.0,0.0,0.0,1.0,0.0,0.6181
1.0,0.0,1.0,0.0,0.0,1.0,0.0,0.0,0.0,0.0,0.0,1.0,0.8958
1.0,0.3333333333333333,1.0,0.0,0.0,1.0,0.0,0.0,0.0,1.0,0.0,0.0,0.9028
1.0,0.3333333333333333,1.0,0.0,0.0,1.0,0.0,0.0,0.0,0.0,1.0,0.0,0.7708
1.0,0.3333333333333333,1.0,0.0,0.0,1.0,0.0,0.0,0.0,0.0,0.0,1.0,0.9097
1.0,1.0,1.0,0.0,0.0,1.0,0.0,0.0,0.0,1.0,0.0,0.0,0.9097
1.0,1.0,1.0,0.0,0.0,1.0,0.0,0.0,0.0,0.0,1.0,0.0,0.7778
1.0,1.0,1.0,0.0,0.0,1.0,0.0,0.0,0.0,0.0,0.0,1.0,0.9167
0.0,0.0,1.0,0.0,0.0,0.0,1.0,0.0,0.0,1.0,0.0,0.0,0.8958
0.0,0.0,1.0,0.0,0.0,0.0,1.0,0.0,0.0,0.0,1.0,0.0,0.6181
0.0,0.0,1.0,0.0,0.0,0.0,1.0,0.0,0.0,0.0,0.0,1.0,0.8889
0.0,0.3333333333333333,1.0,0.0,0.0,0.0,1.0,0.0,0.0,1.0,0.0,0.0,0.9097
0.0,0.3333333333333333,1.0,0.0,0.0,0.0,1.0,0.0,0.0,0.0,1.0,0.0,0.8125
0.0,0.3333333333333333,1.0,0.0,0.0,0.0,1.0,0.0,0.0,0.0,0.0,1.0,0.9167
0.0,1.0,1.0,0.0,0.0,0.0,1.0,0.0,0.0,1.0,0.0,0.0,0.9375
0.0,1.0,1.0,0.0,0.0,0.0,1.0,0.0,0.0,0.0,1.0,0.0,0.8056
0.0,1.0,1.0,0.0,0.0,0.0,1.0,0.0,0.0,0.0,0.0,1.0,0.9167
0.5,0.0,1.0,0.0,0.0,0.0,1.0,0.0,0.0,1.0,0.0,0.0,0.8958
0.5,0.0,1.0,0.0,0.0,0.0,1.0,0.0,0.0,0.0,1.0,0.0,0.6181
0.5,0.0,1.0,0.0,0.0,0.0,1.0,0.0,0.0,0.0,0.0,1.0,0.9236
0.5,0.3333333333333333,1.0,0.0,0.0,0.0,1.0,0.0,0.0,1.0,0.0,0.0,0.9375
0.5,0.3333333333333333,1.0,0.0,0.0,0.0,1.0,0.0,0.0,0.0,1.0,0.0,0.6181
0.5,0.3333333333333333,1.0,0.0,0.0,0.0,1.0,0.0,0.0,0.0,0.0,1.0,0.9306
0.5,1.0,1.0,0.0,0.0,0.0,1.0,0.0,0.0,1.0,0.0,0.0,0.9306
0.5,1.0,1.0,0.0,0.0,0.0,1.0,0.0,0.0,0.0,1.0,0.0,0.8403
0.5,1.0,1.0,0.0,0.0,0.0,1.0,0.0,0.0,0.0,0.0,1.0,0.9444
1.0,0.0,1.0,0.0,0.0,0.0,1.0,0.0,0.0,1.0,0.0,0.0,0.9236
1.0,0.0,1.0,0.0,0.0,0.0,1.0,0.0,0.0,0.0,1.0,0.0,0.7639
1.0,0.0,1.0,0.0,0.0,0.0,1.0,0.0,0.0,0.0,0.0,1.0,0.9236
1.0,0.3333333333333333,1.0,0.0,0.0,0.0,1.0,0.0,0.0,1.0,0.0,0.0,0.9097
1.0,0.3333333333333333,1.0,0.0,0.0,0.0,1.0,0.0,0.0,0.0,1.0,0.0,0.8125
1.0,0.3333333333333333,1.0,0.0,0.0,0.0,1.0,0.0,0.0,0.0,0.0,1.0,0.9097
1.0,1.0,1.0,0.0,0.0,0.0,1.0,0.0,0.0,1.0,0.0,0.0,0.9375
1.0,1.0,1.0,0.0,0.0,0.0,1.0,0.0,0.0,0.0,1.0,0.0,0.6181
1.0,1.0,1.0,0.0,0.0,0.0,1.0,0.0,0.0,0.0,0.0,1.0,0.9167
0.0,0.0,1.0,0.0,0.0,0.0,0.0,1.0,0.0,1.0,0.0,0.0,0.9097
0.0,0.0,1.0,0.0,0.0,0.0,0.0,1.0,0.0,0.0,1.0,0.0,0.7778
0.0,0.0,1.0,0.0,0.0,0.0,0.0,1.0,0.0,0.0,0.0,1.0,0.9028
0.0,0.3333333333333333,1.0,0.0,0.0,0.0,0.0,1.0,0.0,1.0,0.0,0.0,0.9306
0.0,0.3333333333333333,1.0,0.0,0.0,0.0,0.0,1.0,0.0,0.0,1.0,0.0,0.8403
0.0,0.3333333333333333,1.0,0.0,0.0,0.0,0.0,1.0,0.0,0.0,0.0,1.0,0.9306
0.0,1.0,1.0,0.0,0.0,0.0,0.0,1.0,0.0,1.0,0.0,0.0,0.9306
0.0,1.0,1.0,0.0,0.0,0.0,0.0,1.0,0.0,0.0,1.0,0.0,0.8889
0.0,1.0,1.0,0.0,0.0,0.0,0.0,1.0,0.0,0.0,0.0,1.0,0.9236
0.5,0.0,1.0,0.0,0.0,0.0,0.0,1.0,0.0,1.0,0.0,0.0,0.9028
0.5,0.0,1.0,0.0,0.0,0.0,0.0,1.0,0.0,0.0,1.0,0.0,0.6944
0.5,0.0,1.0,0.0,0.0,0.0,0.0,1.0,0.0,0.0,0.0,1.0,0.9097
0.5,0.3333333333333333,1.0,0.0,0.0,0.0,0.0,1.0,0.0,1.0,0.0,0.0,0.9306
0.5,0.3333333333333333,1.0,0.0,0.0,0.0,0.0,1.0,0.0,0.0,1.0,0.0,0.8125
0.5,0.3333333333333333,1.0,0.0,0.0,0.0,0.0,1.0,0.0,0.0,0.0,1.0,0.9375
0.5,1.0,1.0,0.0,0.0,0.0,0.0,1.0,0.0,1.0,0.0,0.0,0.9444
0.5,1.0,1.0,0.0,0.0,0.0,0.0,1.0,0.0,0.0,1.0,0.0,0.8125
0.5,1.0,1.0,0.0,0.0,0.0,0.0,1.0,0.0,0.0,0.0,1.0,0.9514
1.0,0.0,1.0,0.0,0.0,0.0,0.0,1.0,0.0,1.0,0.0,0.0,0.9375
1.0,0.0,1.0,0.0,0.0,0.0,0.0,1.0,0.0,0.0,1.0,0.0,0.7639
1.0,0.0,1.0,0.0,0.0,0.0,0.0,1.0,0.0,0.0,0.0,1.0,0.9444
1.0,0.3333333333333333,1.0,0.0,0.0,0.0,0.0,1.0,0.0,1.0,0.0,0.0,0.9375
1.0,0.3333333333333333,1.0,0.0,0.0,0.0,0.0,1.0,0.0,0.0,1.0,0.0,0.8819
1.0,0.3333333333333333,1.0,0.0,0.0,0.0,0.0,1.0,0.0,0.0,0.0,1.0,0.9306
1.0,1.0,1.0,0.0,0.0,0.0,0.0,1.0,0.0,1.0,0.0,0.0,0.9375
1.0,1.0,1.0,0.0,0.0,0.0,0.0,1.0,0.0,0.0,1.0,0.0,0.8125
1.0,1.0,1.0,0.0,0.0,0.0,0.0,1.0,0.0,0.0,0.0,1.0,0.9444
0.0,0.0,1.0,0.0,0.0,0.0,0.0,0.0,1.0,1.0,0.0,0.0,0.8889
0.0,0.0,1.0,0.0,0.0,0.0,0.0,0.0,1.0,0.0,1.0,0.0,0.6181
0.0,0.0,1.0,0.0,0.0,0.0,0.0,0.0,1.0,0.0,0.0,1.0,0.8889
0.0,0.3333333333333333,1.0,0.0,0.0,0.0,0.0,0.0,1.0,1.0,0.0,0.0,0.9028
0.0,0.3333333333333333,1.0,0.0,0.0,0.0,0.0,0.0,1.0,0.0,1.0,0.0,0.8125
0.0,0.3333333333333333,1.0,0.0,0.0,0.0,0.0,0.0,1.0,0.0,0.0,1.0,0.9028
0.0,1.0,1.0,0.0,0.0,0.0,0.0,0.0,1.0,1.0,0.0,0.0,0.9236
0.0,1.0,1.0,0.0,0.0,0.0,0.0,0.0,1.0,0.0,1.0,0.0,0.8611
0.0,1.0,1.0,0.0,0.0,0.0,0.0,0.0,1.0,0.0,0.0,1.0,0.9167
0.5,0.0,1.0,0.0,0.0,0.0,0.0,0.0,1.0,1.0,0.0,0.0,0.9097
0.5,0.0,1.0,0.0,0.0,0.0,0.0,0.0,1.0,0.0,1.0,0.0,0.6181
0.5,0.0,1.0,0.0,0.0,0.0,0.0,0.0,1.0,0.0,0.0,1.0,0.9028
0.5,0.3333333333333333,1.0,0.0,0.0,0.0,0.0,0.0,1.0,1.0,0.0,0.0,0.9028
0.5,0.3333333333333333,1.0,0.0,0.0,0.0,0.0,0.0,1.0,0.0,1.0,0.0,0.8056
0.5,0.3333333333333333,1.0,0.0,0.0,0.0,0.0,0.0,1.0,0.0,0.0,1.0,0.9097
0.5,1.0,1.0,0.0,0.0,0.0,0.0,0.0,1.0,1.0,0.0,0.0,0.9236
0.5,1.0,1.0,0.0,0.0,0.0,0.0,0.0,1.0,0.0,1.0,0.0,0.75
0.5,1.0,1.0,0.0,0.0,0.0,0.0,0.0,1.0,0.0,0.0,1.0,0.9444
1.0,0.0,1.0,0.0,0.0,0.0,0.0,0.0,1.0,1.0,0.0,0.0,0.9167
1.0,0.0,1.0,0.0,0.0,0.0,0.0,0.0,1.0,0.0,1.0,0.0,0.6181
1.0,0.0,1.0,0.0,0.0,0.0,0.0,0.0,1.0,0.0,0.0,1.0,0.8958
1.0,0.3333333333333333,1.0,0.0,0.0,0.0,0.0,0.0,1.0,1.0,0.0,0.0,0.9028
1.0,0.3333333333333333,1.0,0.0,0.0,0.0,0.0,0.0,1.0,0.0,1.0,0.0,0.6875
1.0,0.3333333333333333,1.0,0.0,0.0,0.0,0.0,0.0,1.0,0.0,0.0,1.0,0.9097
1.0,1.0,1.0,0.0,0.0,0.0,0.0,0.0,1.0,1.0,0.0,0.0,0.9097
1.0,1.0,1.0,0.0,0.0,0.0,0.0,0.0,1.0,0.0,1.0,0.0,0.7778
1.0,1.0,1.0,0.0,0.0,0.0,0.0,0.0,1.0,0.0,0.0,1.0,0.9167
0.0,0.0,0.0,1.0,0.0,1.0,0.0,0.0,0.0,1.0,0.0,0.0,0.8681
0.0,0.0,0.0,1.0,0.0,1.0,0.0,0.0,0.0,0.0,1.0,0.0,0.6181
0.0,0.0,0.0,1.0,0.0,1.0,0.0,0.0,0.0,0.0,0.0,1.0,0.8819
0.0,0.3333333333333333,0.0,1.0,0.0,1.0,0.0,0.0,0.0,1.0,0.0,0.0,0.9028
0.0,0.3333333333333333,0.0,1.0,0.0,1.0,0.0,0.0,0.0,0.0,1.0,0.0,0.8056
0.0,0.3333333333333333,0.0,1.0,0.0,1.0,0.0,0.0,0.0,0.0,0.0,1.0,0.8958
0.0,1.0,0.0,1.0,0.0,1.0,0.0,0.0,0.0,1.0,0.0,0.0,0.9236
0.0,1.0,0.0,1.0,0.0,1.0,0.0,0.0,0.0,0.0,1.0,0.0,0.8403
0.0,1.0,0.0,1.0,0.0,1.0,0.0,0.0,0.0,0.0,0.0,1.0,0.9028
0.5,0.0,0.0,1.0,0.0,1.0,0.0,0.0,0.0,1.0,0.0,0.0,0.875
0.5,0.0,0.0,1.0,0.0,1.0,0.0,0.0,0.0,0.0,1.0,0.0,0.6181
0.5,0.0,0.0,1.0,0.0,1.0,0.0,0.0,0.0,0.0,0.0,1.0,0.8264
0.5,0.3333333333333333,0.0,1.0,0.0,1.0,0.0,0.0,0.0,1.0,0.0,0.0,0.8889
0.5,0.3333333333333333,0.0,1.0,0.0,1.0,0.0,0.0,0.0,0.0,1.0,0.0,0.7986
0.5,0.3333333333333333,0.0,1.0,0.0,1.0,0.0,0.0,0.0,0.0,0.0,1.0,0.8819
0.5,1.0,0.0,1.0,0.0,1.0,0.0,0.0,0.0,1.0,0.0,0.0,0.8958
0.5,1.0,0.0,1.0,0.0,1.0,0.0,0.0,0.0,0.0,1.0,0.0,0.7431
0.5,1.0,0.0,1.0,0.0,1.0,0.0,0.0,0.0,0.0,0.0,1.0,0.8819
1.0,0.0,0.0,1.0,0.0,1.0,0.0,0.0,0.0,1.0,0.0,0.0,0.8611
1.0,0.0,0.0,1.0,0.0,1.0,0.0,0.0,0.0,0.0,1.0,0.0,0.6181
1.0,0.0,0.0,1.0,0.0,1.0,0.0,0.0,0.0,0.0,0.0,1.0,0.8542
1.0,0.3333333333333333,0.0,1.0,0.0,1.0,0.0,0.0,0.0,1.0,0.0,0.0,0.8889
1.0,0.3333333333333333,0.0,1.0,0.0,1.0,0.0,0.0,0.0,0.0,1.0,0.0,0.6458
1.0,0.3333333333333333,0.0,1.0,0.0,1.0,0.0,0.0,0.0,0.0,0.0,1.0,0.8889
1.0,1.0,0.0,1.0,0.0,1.0,0.0,0.0,0.0,1.0,0.0,0.0,0.9167
1.0,1.0,0.0,1.0,0.0,1.0,0.0,0.0,0.0,0.0,1.0,0.0,0.6181
1.0,1.0,0.0,1.0,0.0,1.0,0.0,0.0,0.0,0.0,0.0,1.0,0.9236
0.0,0.0,0.0,1.0,0.0,0.0,1.0,0.0,0.0,1.0,0.0,0.0,0.8889
0.0,0.0,0.0,1.0,0.0,0.0,1.0,0.0,0.0,0.0,1.0,0.0,0.6181
0.0,0.0,0.0,1.0,0.0,0.0,1.0,0.0,0.0,0.0,0.0,1.0,0.8889
0.0,0.3333333333333333,0.0,1.0,0.0,0.0,1.0,0.0,0.0,1.0,0.0,0.0,0.9097
0.0,0.3333333333333333,0.0,1.0,0.0,0.0,1.0,0.0,0.0,0.0,1.0,0.0,0.7361
0.0,0.3333333333333333,0.0,1.0,0.0,0.0,1.0,0.0,0.0,0.0,0.0,1.0,0.9097
0.0,1.0,0.0,1.0,0.0,0.0,1.0,0.0,0.0,1.0,0.0,0.0,0.9375
0.0,1.0,0.0,1.0,0.0,0.0,1.0,0.0,0.0,0.0,1.0,0.0,0.7986
0.0,1.0,0.0,1.0,0.0,0.0,1.0,0.0,0.0,0.0,0.0,1.0,0.9306
0.5,0.0,0.0,1.0,0.0,0.0,1.0,0.0,0.0,1.0,0.0,0.0,0.9028
0.5,0.0,0.0,1.0,0.0,0.0,1.0,0.0,0.0,0.0,1.0,0.0,0.6181
0.5,0.0,0.0,1.0,0.0,0.0,1.0,0.0,0.0,0.0,0.0,1.0,0.9097
0.5,0.3333333333333333,0.0,1.0,0.0,0.0,1.0,0.0,0.0,1.0,0.0,0.0,0.9375
0.5,0.3333333333333333,0.0,1.0,0.0,0.0,1.0,0.0,0.0,0.0,1.0,0.0,0.6181
0.5,0.3333333333333333,0.0,1.0,0.0,0.0,1.0,0.0,0.0,0.0,0.0,1.0,0.9306
0.5,1.0,0.0,1.0,0.0,0.0,1.0,0.0,0.0,1.0,0.0,0.0,0.9236
0.5,1.0,0.0,1.0,0.0,0.0,1.0,0.0,0.0,0.0,1.0,0.0,0.8125
0.5,1.0,0.0,1.0,0.0,0.0,1.0,0.0,0.0,0.0,0.0,1.0,0.9375
1.0,0.0,0.0,1.0,0.0,0.0,1.0,0.0,0.0,1.0,0.0,0.0,0.9375
1.0,0.0,0.0,1.0,0.0,0.0,1.0,0.0,0.0,0.0,1.0,0.0,0.6181
1.0,0.0,0.0,1.0,0.0,0.0,1.0,0.0,0.0,0.0,0.0,1.0,0.9167
1.0,0.3333333333333333,0.0,1.0,0.0,0.0,1.0,0.0,0.0,1.0,0.0,0.0,0.9375
1.0,0.3333333333333333,0.0,1.0,0.0,0.0,1.0,0.0,0.0,0.0,1.0,0.0,0.8264
1.0,0.3333333333333333,0.0,1.0,0.0,0.0,1.0,0.0,0.0,0.0,0.0,1.0,0.9306
1.0,1.0,0.0,1.0,0.0,0.0,1.0,0.0,0.0,1.0,0.0,0.0,0.9375
1.0,1.0,0.0,1.0,0.0,0.0,1.0,0.0,0.0,0.0,1.0,0.0,0.6181
1.0,1.0,0.0,1.0,0.0,0.0,1.0,0.0,0.0,0.0,0.0,1.0,0.9306
0.0,0.0,0.0,1.0,0.0,0.0,0.0,1.0,0.0,1.0,0.0,0.0,0.9028
0.0,0.0,0.0,1.0,0.0,0.0,0.0,1.0,0.0,0.0,1.0,0.0,0.7222
0.0,0.0,0.0,1.0,0.0,0.0,0.0,1.0,0.0,0.0,0.0,1.0,0.9028
0.0,0.3333333333333333,0.0,1.0,0.0,0.0,0.0,1.0,0.0,1.0,0.0,0.0,0.9306
0.0,0.3333333333333333,0.0,1.0,0.0,0.0,0.0,1.0,0.0,0.0,1.0,0.0,0.8333
0.0,0.3333333333333333,0.0,1.0,0.0,0.0,0.0,1.0,0.0,0.0,0.0,1.0,0.9236
0.0,1.0,0.0,1.0,0.0,0.0,0.0,1.0,0.0,1.0,0.0,0.0,0.9236
0.0,1.0,0.0,1.0,0.0,0.0,0.0,1.0,0.0,0.0,1.0,0.0,0.8681
0.0,1.0,0.0,1.0,0.0,0.0,0.0,1.0,0.0,0.0,0.0,1.0,0.9375
0.5,0.0,0.0,1.0,0.0,0.0,0.0,1.0,0.0,1.0,0.0,0.0,0.9097
0.5,0.0,0.0,1.0,0.0,0.0,0.0,1.0,0.0,0.0,1.0,0.0,0.6806
0.5,0.0,0.0,1.0,0.0,0.0,0.0,1.0,0.0,0.0,0.0,1.0,0.9097
0.5,0.3333333333333333,0.0,1.0,0.0,0.0,0.0,1.0,0.0,1.0,0.0,0.0,0.9375
0.5,0.3333333333333333,0.0,1.0,0.0,0.0,0.0,1.0,0.0,0.0,1.0,0.0,0.7986
0.5,0.3333333333333333,0.0,1.0,0.0,0.0,0.0,1.0,0.0,0.0,0.0,1.0,0.9444
0.5,1.0,0.0,1.0,0.0,0.0,0.0,1.0,0.0,1.0,0.0,0.0,0.9514
0.5,1.0,0.0,1.0,0.0,0.0,0.0,1.0,0.0,0.0,1.0,0.0,0.7986
0.5,1.0,0.0,1.0,0.0,0.0,0.0,1.0,0.0,0.0,0.0,1.0,0.9306
1.0,0.0,0.0,1.0,0.0,0.0,0.0,1.0,0.0,1.0,0.0,0.0,0.9306
1.0,0.0,0.0,1.0,0.0,0.0,0.0,1.0,0.0,0.0,1.0,0.0,0.6319
1.0,0.0,0.0,1.0,0.0,0.0,0.0,1.0,0.0,0.0,0.0,1.0,0.9444
1.0,0.3333333333333333,0.0,1.0,0.0,0.0,0.0,1.0,0.0,1.0,0.0,0.0,0.9444
1.0,0.3333333333333333,0.0,1.0,0.0,0.0,0.0,1.0,0.0,0.0,1.0,0.0,0.8542
1.0,0.3333333333333333,0.0,1.0,0.0,0.0,0.0,1.0,0.0,0.0,0.0,1.0,0.9236
1.0,1.0,0.0,1.0,0.0,0.0,0.0,1.0,0.0,1.0,0.0,0.0,0.9375
1.0,1.0,0.0,1.0,0.0,0.0,0.0,1.0,0.0,0.0,1.0,0.0,0.6181
1.0,1.0,0.0,1.0,0.0,0.0,0.0,1.0,0.0,0.0,0.0,1.0,0.9514
0.0,0.0,0.0,1.0,0.0,0.0,0.0,0.0,1.0,1.0,0.0,0.0,0.8819
0.0,0.0,0.0,1.0,0.0,0.0,0.0,0.0,1.0,0.0,1.0,0.0,0.6181
0.0,0.0,0.0,1.0,0.0,0.0,0.0,0.0,1.0,0.0,0.0,1.0,0.8819
0.0,0.3333333333333333,0.0,1.0,0.0,0.0,0.0,0.0,1.0,1.0,0.0,0.0,0.9028
0.0,0.3333333333333333,0.0,1.0,0.0,0.0,0.0,0.0,1.0,0.0,1.0,0.0,0.8194
0.0,0.3333333333333333,0.0,1.0,0.0,0.0,0.0,0.0,1.0,0.0,0.0,1.0,0.8819
0.0,1.0,0.0,1.0,0.0,0.0,0.0,0.0,1.0,1.0,0.0,0.0,0.9167
0.0,1.0,0.0,1.0,0.0,0.0,0.0,0.0,1.0,0.0,1.0,0.0,0.8681
0.0,1.0,0.0,1.0,0.0,0.0,0.0,0.0,1.0,0.0,0.0,1.0,0.9097
0.5,0.0,0.0,1.0,0.0,0.0,0.0,0.0,1.0,1.0,0.0,0.0,0.8333
0.5,0.0,0.0,1.0,0.0,0.0,0.0,0.0,1.0,0.0,1.0,0.0,0.6181
0.5,0.0,0.0,1.0,0.0,0.0,0.0,0.0,1.0,0.0,0.0,1.0,0.8264
0.5,0.3333333333333333,0.0,1.0,0.0,0.0,0.0,0.0,1.0,1.0,0.0,0.0,0.9028
0.5,0.3333333333333333,0.0,1.0,0.0,0.0,0.0,0.0,1.0,0.0,1.0,0.0,0.7986
0.5,0.3333333333333333,0.0,1.0,0.0,0.0,0.0,0.0,1.0,0.0,0.0,1.0,0.9097
0.5,1.0,0.0,1.0,0.0,0.0,0.0,0.0,1.0,1.0,0.0,0.0,0.9167
0.5,1.0,0.0,1.0,0.0,0.0,0.0,0.0,1.0,0.0,1.0,0.0,0.6389
0.5,1.0,0.0,1.0,0.0,0.0,0.0,0.0,1.0,0.0,0.0,1.0,0.9097
1.0,0.0,0.0,1.0,0.0,0.0,0.0,0.0,1.0,1.0,0.0,0.0,0.8264
1.0,0.0,0.0,1.0,0.0,0.0,0.0,0.0,1.0,0.0,1.0,0.0,0.6181
1.0,0.0,0.0,1.0,0.0,0.0,0.0,0.0,1.0,0.0,0.0,1.0,0.8264
1.0,0.3333333333333333,0.0,1.0,0.0,0.0,0.0,0.0,1.0,1.0,0.0,0.0,0.8958
1.0,0.3333333333333333,0.0,1.0,0.0,0.0,0.0,0.0,1.0,0.0,1.0,0.0,0.6875
1.0,0.3333333333333333,0.0,1.0,0.0,0.0,0.0,0.0,1.0,0.0,0.0,1.0,0.8889
1.0,1.0,0.0,1.0,0.0,0.0,0.0,0.0,1.0,1.0,0.0,0.0,0.8819
1.0,1.0,0.0,1.0,0.0,0.0,0.0,0.0,1.0,0.0,1.0,0.0,0.6181
1.0,1.0,0.0,1.0,0.0,0.0,0.0,0.0,1.0,0.0,0.0,1.0,0.9097
0.0,0.0,0.0,0.0,1.0,1.0,0.0,0.0,0.0,1.0,0.0,0.0,0.9167
0.0,0.0,0.0,0.0,1.0,1.0,0.0,0.0,0.0,0.0,1.0,0.0,0.8611
0.0,0.0,0.0,0.0,1.0,1.0,0.0,0.0,0.0,0.0,0.0,1.0,0.9097
0.0,0.3333333333333333,0.0,0.0,1.0,1.0,0.0,0.0,0.0,1.0,0.0,0.0,0.9167
0.0,0.3333333333333333,0.0,0.0,1.0,1.0,0.0,0.0,0.0,0.0,1.0,0.0,0.8958
0.0,0.3333333333333333,0.0,0.0,1.0,1.0,0.0,0.0,0.0,0.0,0.0,1.0,0.9236
0.0,1.0,0.0,0.0,1.0,1.0,0.0,0.0,0.0,1.0,0.0,0.0,0.9028
0.0,1.0,0.0,0.0,1.0,1.0,0.0,0.0,0.0,0.0,1.0,0.0,0.8889
0.0,1.0,0.0,0.0,1.0,1.0,0.0,0.0,0.0,0.0,0.0,1.0,0.9236
0.5,0.0,0.0,0.0,1.0,1.0,0.0,0.0,0.0,1.0,0.0,0.0,0.9167
0.5,0.0,0.0,0.0,1.0,1.0,0.0,0.0,0.0,0.0,1.0,0.0,0.8889
0.5,0.0,0.0,0.0,1.0,1.0,0.0,0.0,0.0,0.0,0.0,1.0,0.9167
0.5,0.3333333333333333,0.0,0.0,1.0,1.0,0.0,0.0,0.0,1.0,0.0,0.0,0.9028
0.5,0.3333333333333333,0.0,0.0,1.0,1.0,0.0,0.0,0.0,0.0,1.0,0.0,0.8889
0.5,0.3333333333333333,0.0,0.0,1.0,1.0,0.0,0.0,0.0,0.0,0.0,1.0,0.9097
0.5,1.0,0.0,0.0,1.0,1.0,0.0,0.0,0.0,1.0,0.0,0.0,0.8889
0.5,1.0,0.0,0.0,1.0,1.0,0.0,0.0,0.0,0.0,1.0,0.0,0.8889
0.5,1.0,0.0,0.0,1.0,1.0,0.0,0.0,0.0,0.0,0.0,1.0,0.9236
1.0,0.0,0.0,0.0,1.0,1.0,0.0,0.0,0.0,1.0,0.0,0.0,0.8958
1.0,0.0,0.0,0.0,1.0,1.0,0.0,0.0,0.0,0.0,1.0,0.0,0.9028
1.0,0.0,0.0,0.0,1.0,1.0,0.0,0.0,0.0,0.0,0.0,1.0,0.9444
1.0,0.3333333333333333,0.0,0.0,1.0,1.0,0.0,0.0,0.0,1.0,0.0,0.0,0.9097
1.0,0.3333333333333333,0.0,0.0,1.0,1.0,0.0,0.0,0.0,0.0,1.0,0.0,0.8889
1.0,0.3333333333333333,0.0,0.0,1.0,1.0,0.0,0.0,0.0,0.0,0.0,1.0,0.9097
1.0,1.0,0.0,0.0,1.0,1.0,0.0,0.0,0.0,1.0,0.0,0.0,0.8819
1.0,1.0,0.0,0.0,1.0,1.0,0.0,0.0,0.0,0.0,1.0,0.0,0.9097
1.0,1.0,0.0,0.0,1.0,1.0,0.0,0.0,0.0,0.0,0.0,1.0,0.9236
0.0,0.0,0.0,0.0,1.0,0.0,1.0,0.0,0.0,1.0,0.0,0.0,0.8958
0.0,0.0,0.0,0.0,1.0,0.0,1.0,0.0,0.0,0.0,1.0,0.0,0.8542
0.0,0.0,0.0,0.0,1.0,0.0,1.0,0.0,0.0,0.0,0.0,1.0,0.9097
0.0,0.3333333333333333,0.0,0.0,1.0,0.0,1.0,0.0,0.0,1.0,0.0,0.0,0.9236
0.0,0.3333333333333333,0.0,0.0,1.0,0.0,1.0,0.0,0.0,0.0,1.0,0.0,0.8889
0.0,0.3333333333333333,0.0,0.0,1.0,0.0,1.0,0.0,0.0,0.0,0.0,1.0,0.9236
0.0,1.0,0.0,0.0,1.0,0.0,1.0,0.0,0.0,1.0,0.0,0.0,0.9167
0.0,1.0,0.0,0.0,1.0,0.0,1.0,0.0,0.0,0.0,1.0,0.0,0.9097
0.0,1.0,0.0,0.0,1.0,0.0,1.0,0.0,0.0,0.0,0.0,1.0,0.9236
0.5,0.0,0.0,0.0,1.0,0.0,1.0,0.0,0.0,1.0,0.0,0.0,0.9028
0.5,0.0,0.0,0.0,1.0,0.0,1.0,0.0,0.0,0.0,1.0,0.0,0.8819
0.5,0.0,0.0,0.0,1.0,0.0,1.0,0.0,0.0,0.0,0.0,1.0,0.9375
0.5,0.3333333333333333,0.0,0.0,1.0,0.0,1.0,0.0,0.0,1.0,0.0,0.0,0.9306
0.5,0.3333333333333333,0.0,0.0,1.0,0.0,1.0,0.0,0.0,0.0,1.0,0.0,0.8889
0.5,0.3333333333333333,0.0,0.0,1.0,0.0,1.0,0.0,0.0,0.0,0.0,1.0,0.9236
0.5,1.0,0.0,0.0,1.0,0.0,1.0,0.0,0.0,1.0,0.0,0.0,0.9167
0.5,1.0,0.0,0.0,1.0,0.0,1.0,0.0,0.0,0.0,1.0,0.0,0.8958
0.5,1.0,0.0,0.0,1.0,0.0,1.0,0.0,0.0,0.0,0.0,1.0,0.9306
1.0,0.0,0.0,0.0,1.0,0.0,1.0,0.0,0.0,1.0,0.0,0.0,0.9167
1.0,0.0,0.0,0.0,1.0,0.0,1.0,0.0,0.0,0.0,1.0,0.0,0.8958
1.0,0.0,0.0,0.0,1.0,0.0,1.0,0.0,0.0,0.0,0.0,1.0,0.9236
1.0,0.3333333333333333,0.0,0.0,1.0,0.0,1.0,0.0,0.0,1.0,0.0,0.0,0.9028
1.0,0.3333333333333333,0.0,0.0,1.0,0.0,1.0,0.0,0.0,0.0,1.0,0.0,0.8889
1.0,0.3333333333333333,0.0,0.0,1.0,0.0,1.0,0.0,0.0,0.0,0.0,1.0,0.9444
1.0,1.0,0.0,0.0,1.0,0.0,1.0,0.0,0.0,1.0,0.0,0.0,0.9444
1.0,1.0,0.0,0.0,1.0,0.0,1.0,0.0,0.0,0.0,1.0,0.0,0.9028
1.0,1.0,0.0,0.0,1.0,0.0,1.0,0.0,0.0,0.0,0.0,1.0,0.9514
0.0,0.0,0.0,0.0,1.0,0.0,0.0,1.0,0.0,1.0,0.0,0.0,0.9097
0.0,0.0,0.0,0.0,1.0,0.0,0.0,1.0,0.0,0.0,1.0,0.0,0.875
0.0,0.0,0.0,0.0,1.0,0.0,0.0,1.0,0.0,0.0,0.0,1.0,0.9236
0.0,0.3333333333333333,0.0,0.0,1.0,0.0,0.0,1.0,0.0,1.0,0.0,0.0,0.9236
0.0,0.3333333333333333,0.0,0.0,1.0,0.0,0.0,1.0,0.0,0.0,1.0,0.0,0.9097
0.0,0.3333333333333333,0.0,0.0,1.0,0.0,0.0,1.0,0.0,0.0,0.0,1.0,0.9236
0.0,1.0,0.0,0.0,1.0,0.0,0.0,1.0,0.0,1.0,0.0,0.0,0.9236
0.0,1.0,0.0,0.0,1.0,0.0,0.0,1.0,0.0,0.0,1.0,0.0,0.8958
0.0,1.0,0.0,0.0,1.0,0.0,0.0,1.0,0.0,0.0,0.0,1.0,0.9444
0.5,0.0,0.0,0.0,1.0,0.0,0.0,1.0,0.0,1.0,0.0,0.0,0.9236
0.5,0.0,0.0,0.0,1.0,0.0,0.0,1.0,0.0,0.0,1.0,0.0,0.8819
0.5,0.0,0.0,0.0,1.0,0.0,0.0,1.0,0.0,0.0,0.0,1.0,0.9306
0.5,0.3333333333333333,0.0,0.0,1.0,0.0,0.0,1.0,0.0,1.0,0.0,0.0,0.9167
0.5,0.3333333333333333,0.0,0.0,1.0,0.0,0.0,1.0,0.0,0.0,1.0,0.0,0.8889
0.5,0.3333333333333333,0.0,0.0,1.0,0.0,0.0,1.0,0.0,0.0,0.0,1.0,0.9514
0.5,1.0,0.0,0.0,1.0,0.0,0.0,1.0,0.0,1.0,0.0,0.0,0.9097
0.5,1.0,0.0,0.0,1.0,0.0,0.0,1.0,0.0,0.0,1.0,0.0,0.9236
0.5,1.0,0.0,0.0,1.0,0.0,0.0,1.0,0.0,0.0,0.0,1.0,0.9167
1.0,0.0,0.0,0.0,1.0,0.0,0.0,1.0,0.0,1.0,0.0,0.0,0.9097
1.0,0.0,0.0,0.0,1.0,0.0,0.0,1.0,0.0,0.0,1.0,0.0,0.9028
1.0,0.0,0.0,0.0,1.0,0.0,0.0,1.0,0.0,0.0,0.0,1.0,0.9583
1.0,0.3333333333333333,0.0,0.0,1.0,0.0,0.0,1.0,0.0,1.0,0.0,0.0,0.9306
1.0,0.3333333333333333,0.0,0.0,1.0,0.0,0.0,1.0,0.0,0.0,1.0,0.0,0.9167
1.0,0.3333333333333333,0.0,0.0,1.0,0.0,0.0,1.0,0.0,0.0,0.0,1.0,0.9167
1.0,1.0,0.0,0.0,1.0,0.0,0.0,1.0,0.0,1.0,0.0,0.0,0.8819
1.0,1.0,0.0,0.0,1.0,0.0,0.0,1.0,0.0,0.0,1.0,0.0,0.9236
1.0,1.0,0.0,0.0,1.0,0.0,0.0,1.0,0.0,0.0,0.0,1.0,0.9028
0.0,0.0,0.0,0.0,1.0,0.0,0.0,0.0,1.0,1.0,0.0,0.0,0.9167
0.0,0.0,0.0,0.0,1.0,0.0,0.0,0.0,1.0,0.0,1.0,0.0,0.8889
0.0,0.0,0.0,0.0,1.0,0.0,0.0,0.0,1.0,0.0,0.0,1.0,0.9167
0.0,0.3333333333333333,0.0,0.0,1.0,0.0,0.0,0.0,1.0,1.0,0.0,0.0,0.9097
0.0,0.3333333333333333,0.0,0.0,1.0,0.0,0.0,0.0,1.0,0.0,1.0,0.0,0.8819
0.0,0.3333333333333333,0.0,0.0,1.0,0.0,0.0,0.0,1.0,0.0,0.0,1.0,0.9028
0.0,1.0,0.0,0.0,1.0,0.0,0.0,0.0,1.0,1.0,0.0,0.0,0.9167
0.0,1.0,0.0,0.0,1.0,0.0,0.0,0.0,1.0,0.0,1.0,0.0,0.875
0.0,1.0,0.0,0.0,1.0,0.0,0.0,0.0,1.0,0.0,0.0,1.0,0.9306
0.5,0.0,0.0,0.0,1.0,0.0,0.0,0.0,1.0,1.0,0.0,0.0,0.9167
0.5,0.0,0.0,0.0,1.0,0.0,0.0,0.0,1.0,0.0,1.0,0.0,0.8611
0.5,0.0,0.0,0.0,1.0,0.0,0.0,0.0,1.0,0.0,0.0,1.0,0.9028
0.5,0.3333333333333333,0.0,0.0,1.0,0.0,0.0,0.0,1.0,1.0,0.0,0.0,0.9097
0.5,0.3333333333333333,0.0,0.0,1.0,0.0,0.0,0.0,1.0,0.0,1.0,0.0,0.875
0.5,0.3333333333333333,0.0,0.0,1.0,0.0,0.0,0.0,1.0,0.0,0.0,1.0,0.9028
0.5,1.0,0.0,0.0,1.0,0.0,0.0,0.0,1.0,1.0,0.0,0.0,0.9028
0.5,1.0,0.0,0.0,1.0,0.0,0.0,0.0,1.0,0.0,1.0,0.0,0.8889
0.5,1.0,0.0,0.0,1.0,0.0,0.0,0.0,1.0,0.0,0.0,1.0,0.9236
1.0,0.0,0.0,0.0,1.0,0.0,0.0,0.0,1.0,1.0,0.0,0.0,0.9167
1.0,0.0,0.0,0.0,1.0,0.0,0.0,0.0,1.0,0.0,1.0,0.0,0.8958
1.0,0.0,0.0,0.0,1.0,0.0,0.0,0.0,1.0,0.0,0.0,1.0,0.9167
1.0,0.3333333333333333,0.0,0.0,1.0,0.0,0.0,0.0,1.0,1.0,0.0,0.0,0.9236
1.0,0.3333333333333333,0.0,0.0,1.0,0.0,0.0,0.0,1.0,0.0,1.0,0.0,0.875
1.0,0.3333333333333333,0.0,0.0,1.0,0.0,0.0,0.0,1.0,0.0,0.0,1.0,0.9306
1.0,1.0,0.0,0.0,1.0,0.0,0.0,0.0,1.0,1.0,0.0,0.0,0.9444
1.0,1.0,0.0,0.0,1.0,0.0,0.0,0.0,1.0,0.0,1.0,0.0,0.8889
1.0,1.0,0.0,0.0,1.0,0.0,0.0,0.0,1.0,0.0,0.0,1.0,0.9167
