0.0,0.0,1.0,0.0,0.0,1.0,0.0,0.0,0.0,1.0,0.0,0.0,0.7812
0.0,0.0,1.0,0.0,0.0,1.0,0.0,0.0,0.0,0.0,1.0,0.0,0.7125
0.0,0.0,1.0,0.0,0.0,1.0,0.0,0.0,0.0,0.0,0.0,1.0,0.7875
0.0,0.3333333333333333,1.0,0.0,0.0,1.0,0.0,0.0,0.0,1.0,0.0,0.0,0.8688
0.0,0.3333333333333333,1.0,0.0,0.0,1.0,0.0,0.0,0.0,0.0,1.0,0.0,0.7062
0.0,0.3333333333333333,1.0,0.0,0.0,1.0,0.0,0.0,0.0,0.0,0.0,1.0,0.8688
0.0,1.0,1.0,0.0,0.0,1.0,0.0,0.0,0.0,1.0,0.0,0.0,0.825
0.0,1.0,1.0,0.0,0.0,1.0,0.0,0.0,0.0,0.0,1.0,0.0,0.7313
0.0,1.0,1.0,0.0,0.0,1.0,0.0,0.0,0.0,0.0,0.0,1.0,0.8562
0.5,0.0,1.0,0.0,0.0,1.0,0.0,0.0,0.0,1.0,0.0,0.0,0.8562
0.5,0.0,1.0,0.0,0.0,1.0,0.0,0.0,0.0,0.0,1.0,0.0,0.7125
0.5,0.0,1.0,0.0,0.0,1.0,0.0,0.0,0.0,0.0,0.0,1.0,0.8375
0.5,0.3333333333333333,1.0,0.0,0.0,1.0,0.0,0.0,0.0,1.0,0.0,0.0,0.8438
0.5,0.3333333333333333,1.0,0.0,0.0,1.0,0.0,0.0,0.0,0.0,1.0,0.0,0.7125
0.5,0.3333333333333333,1.0,0.0,0.0,1.0,0.0,0.0,0.0,0.0,0.0,1.0,0.825
0.5,1.0,1.0,0.0,0.0,1.0,0.0,0.0,0.0,1.0,0.0,0.0,0.8438
0.5,1.0,1.0,0.0,0.0,1.0,0.0,0.0,0.0,0.0,1.0,0.0,0.7125
0.5,1.0,1.0,0.0,0.0,1.0,0.0,0.0,0.0,0.0,0.0,1.0,0.8375
1.0,0.0,1.0,0.0,0.0,1.0,0.0,0.0,0.0,1.0,0.0,0.0,0.8375
1.0,0.0,1.0,0.0,0.0,1.0,0.0,0.0,0.0,0.0,1.0,0.0,0.7125
1.0,0.0,1.0,0.0,0.0,1.0,0.0,0.0,0.0,0.0,0.0,1.0,0.8125
1.0,0.3333333333333333,1.0,0.0,0.0,1.0,0.0,0.0,0.0,1.0,0.0,0.0,0.8438
1.0,0.3333333333333333,1.0,0.0,0.0,1.0,0.0,0.0,0.0,0.0,1.0,0.0,0.7125
1.0,0.3333333333333333,1.0,0.0,0.0,1.0,0.0,0.0,0.0,0.0,0.0,1.0,0.8062
1.0,1.0,1.0,0.0,0.0,1.0,0.0,0.0,0.0,1.0,0.0,0.0,0.8375
1.0,1.0,1.0,0.0,0.0,1.0,0.0,0.0,0.0,0.0,1.0,0.0,0.7125
1.0,1.0,1.0,0.0,0.0,1.0,0.0,0.0,0.0,0.0,0.0,1.0,0.8312
0.0,0.0,1.0,0.0,0.0,0.0,1.0,0.0,0.0,1.0,0.0,0.0,0.8125
0.0,0.0,1.0,0.0,0.0,0.0,1.0,0.0,0.0,0.0,1.0,0.0,0.7125
0.0,0.0,1.0,0.0,0.0,0.0,1.0,0.0,0.0,0.0,0.0,1.0,0.8188
0.0,0.3333333333333333,1.0,0.0,0.0,0.0,1.0,0.0,0.0,1.0,0.0,0.0,0.8562
0.0,0.3333333333333333,1.0,0.0,0.0,0.0,1.0,0.0,0.0,0.0,1.0,0.0,0.7125
0.0,0.3333333333333333,1.0,0.0,0.0,0.0,1.0,0.0,0.0,0.0,0.0,1.0,0.8438
0.0,1.0,1.0,0.0,0.0,0.0,1.0,0.0,0.0,1.0,0.0,0.0,0.875
0.0,1.0,1.0,0.0,0.0,0.0,1.0,0.0,0.0,0.0,1.0,0.0,0.7562
0.0,1.0,1.0,0.0,0.0,0.0,1.0,0.0,0.0,0.0,0.0,1.0,0.875
0.5,0.0,1.0,0.0,0.0,0.0,1.0,0.0,0.0,1.0,0.0,0.0,0.8562
0.5,0.0,1.0,0.0,0.0,0.0,1.0,0.0,0.0,0.0,1.0,0.0,0.7125
0.5,0.0,1.0,0.0,0.0,0.0,1.0,0.0,0.0,0.0,0.0,1.0,0.8375
0.5,0.3333333333333333,1.0,0.0,0.0,0.0,1.0,0.0,0.0,1.0,0.0,0.0,0.8625
0.5,0.3333333333333333,1.0,0.0,0.0,0.0,1.0,0.0,0.0,0.0,1.0,0.0,0.7188
0.5,0.3333333333333333,1.0,0.0,0.0,0.0,1.0,0.0,0.0,0.0,0.0,1.0,0.8438
0.5,1.0,1.0,0.0,0.0,0.0,1.0,0.0,0.0,1.0,0.0,0.0,0.8625
0.5,1.0,1.0,0.0,0.0,0.0,1.0,0.0,0.0,0.0,1.0,0.0,0.7125
0.5,1.0,1.0,0.0,0.0,0.0,1.0,0.0,0.0,0.0,0.0,1.0,0.8625
1.0,0.0,1.0,0.0,0.0,0.0,1.0,0.0,0.0,1.0,0.0,0.0,0.8562
1.0,0.0,1.0,0.0,0.0,0.0,1.0,0.0,0.0,0.0,1.0,0.0,0.7125
1.0,0.0,1.0,0.0,0.0,0.0,1.0,0.0,0.0,0.0,0.0,1.0,0.85
1.0,0.3333333333333333,1.0,0.0,0.0,0.0,1.0,0.0,0.0,1.0,0.0,0.0,0.85
1.0,0.3333333333333333,1.0,0.0,0.0,0.0,1.0,0.0,0.0,0.0,1.0,0.0,0.7125
1.0,0.3333333333333333,1.0,0.0,0.0,0.0,1.0,0.0,0.0,0.0,0.0,1.0,0.8625
1.0,1.0,1.0,0.0,0.0,0.0,1.0,0.0,0.0,1.0,0.0,0.0,0.8375
1.0,1.0,1.0,0.0,0.0,0.0,1.0,0.0,0.0,0.0,1.0,0.0,0.7125
1.0,1.0,1.0,0.0,0.0,0.0,1.0,0.0,0.0,0.0,0.0,1.0,0.8688
0.0,0.0,1.0,0.0,0.0,0.0,0.0,1.0,0.0,1.0,0.0,0.0,0.85
0.0,0.0,1.0,0.0,0.0,0.0,0.0,1.0,0.0,0.0,1.0,0.0,0.6875
0.0,0.0,1.0,0.0,0.0,0.0,0.0,1.0,0.0,0.0,0.0,1.0,0.8438
0.0,0.3333333333333333,1.0,0.0,0.0,0.0,0.0,1.0,0.0,1.0,0.0,0.0,0.8688
0.0,0.3333333333333333,1.0,0.0,0.0,0.0,0.0,1.0,0.0,0.0,1.0,0.0,0.725
0.0,0.3333333333333333,1.0,0.0,0.0,0.0,0.0,1.0,0.0,0.0,0.0,1.0,0.85
0.0,1.0,1.0,0.0,0.0,0.0,0.0,1.0,0.0,1.0,0.0,0.0,0.8562
0.0,1.0,1.0,0.0,0.0,0.0,0.0,1.0,0.0,0.0,1.0,0.0,0.7438
0.0,1.0,1.0,0.0,0.0,0.0,0.0,1.0,0.0,0.0,0.0,1.0,0.8688
0.5,0.0,1.0,0.0,0.0,0.0,0.0,1.0,0.0,1.0,0.0,0.0,0.8625
0.5,0.0,1.0,0.0,0.0,0.0,0.0,1.0,0.0,0.0,1.0,0.0,0.7125
0.5,0.0,1.0,0.0,0.0,0.0,0.0,1.0,0.0,0.0,0.0,1.0,0.8875
0.5,0.3333333333333333,1.0,0.0,0.0,0.0,0.0,1.0,0.0,1.0,0.0,0.0,0.875
0.5,0.3333333333333333,1.0,0.0,0.0,0.0,0.0,1.0,0.0,0.0,1.0,0.0,0.7125
0.5,0.3333333333333333,1.0,0.0,0.0,0.0,0.0,1.0,0.0,0.0,0.0,1.0,0.8625
0.5,1.0,1.0,0.0,0.0,0.0,0.0,1.0,0.0,1.0,0.0,0.0,0.8625
0.5,1.0,1.0,0.0,0.0,0.0,0.0,1.0,0.0,0.0,1.0,0.0,0.7188
0.5,1.0,1.0,0.0,0.0,0.0,0.0,1.0,0.0,0.0,0.0,1.0,0.8688
1.0,0.0,1.0,0.0,0.0,0.0,0.0,1.0,0.0,1.0,0.0,0.0,0.875
1.0,0.0,1.0,0.0,0.0,0.0,0.0,1.0,0.0,0.0,1.0,0.0,0.7125
1.0,0.0,1.0,0.0,0.0,0.0,0.0,1.0,0.0,0.0,0.0,1.0,0.8688
1.0,0.3333333333333333,1.0,0.0,0.0,0.0,0.0,1.0,0.0,1.0,0.0,0.0,0.8562
1.0,0.3333333333333333,1.0,0.0,0.0,0.0,0.0,1.0,0.0,0.0,1.0,0.0,0.7125
1.0,0.3333333333333333,1.0,0.0,0.0,0.0,0.0,1.0,0.0,0.0,0.0,1.0,0.8625
1.0,1.0,1.0,0.0,0.0,0.0,0.0,1.0,0.0,1.0,0.0,0.0,0.8625
1.0,1.0,1.0,0.0,0.0,0.0,0.0,1.0,0.0,0.0,1.0,0.0,0.7125
1.0,1.0,1.0,0.0,0.0,0.0,0.0,1.0,0.0,0.0,0.0,1.0,0.8625
0.0,0.0,1.0,0.0,0.0,0.0,0.0,0.0,1.0,1.0,0.0,0.0,0.8312
0.0,0.0,1.0,0.0,0.0,0.0,0.0,0.0,1.0,0.0,1.0,0.0,0.7125
0.0,0.0,1.0,0.0,0.0,0.0,0.0,0.0,1.0,0.0,0.0,1.0,0.825
0.0,0.3333333333333333,1.0,0.0,0.0,0.0,0.0,0.0,1.0,1.0,0.0,0.0,0.8562
0.0,0.3333333333333333,1.0,0.0,0.0,0.0,0.0,0.0,1.0,0.0,1.0,0.0,0.7125
0.0,0.3333333333333333,1.0,0.0,0.0,0.0,0.0,0.0,1.0,0.0,0.0,1.0,0.8438
0.0,1.0,1.0,0.0,0.0,0.0,0.0,0.0,1.0,1.0,0.0,0.0,0.875
0.0,1.0,1.0,0.0,0.0,0.0,0.0,0.0,1.0,0.0,1.0,0.0,0.725
0.0,1.0,1.0,0.0,0.0,0.0,0.0,0.0,1.0,0.0,0.0,1.0,0.8625
0.5,0.0,1.0,0.0,0.0,0.0,0.0,0.0,1.0,1.0,0.0,0.0,0.8438
0.5,0.0,1.0,0.0,0.0,0.0,0.0,0.0,1.0,0.0,1.0,0.0,0.7125
0.5,0.0,1.0,0.0,0.0,0.0,0.0,0.0,1.0,0.0,0.0,1.0,0.8312
0.5,0.3333333333333333,1.0,0.0,0.0,0.0,0.0,0.0,1.0,1.0,0.0,0.0,0.8688
0.5,0.3333333333333333,1.0,0.0,0.0,0.0,0.0,0.0,1.0,0.0,1.0,0.0,0.7125
0.5,0.3333333333333333,1.0,0.0,0.0,0.0,0.0,0.0,1.0,0.0,0.0,1.0,0.875
0.5,1.0,1.0,0.0,0.0,0.0,0.0,0.0,1.0,1.0,0.0,0.0,0.8812
0.5,1.0,1.0,0.0,0.0,0.0,0.0,0.0,1.0,0.0,1.0,0.0,0.7125
0.5,1.0,1.0,0.0,0.0,0.0,0.0,0.0,1.0,0.0,0.0,1.0,0.8688
1.0,0.0,1.0,0.0,0.0,0.0,0.0,0.0,1.0,1.0,0.0,0.0,0.85
1.0,0.0,1.0,0.0,0.0,0.0,0.0,0.0,1.0,0.0,1.0,0.0,0.7125
1.0,0.0,1.0,0.0,0.0,0.0,0.0,0.0,1.0,0.0,0.0,1.0,0.8125
1.0,0.3333333333333333,1.0,0.0,0.0,0.0,0.0,0.0,1.0,1.0,0.0,0.0,0.8688
1.0,0.3333333333333333,1.0,0.0,0.0,0.0,0.0,0.0,1.0,0.0,1.0,0.0,0.7125
1.0,0.3333333333333333,1.0,0.0,0.0,0.0,0.0,0.0,1.0,0.0,0.0,1.0,0.85
1.0,1.0,1.0,0.0,0.0,0.0,0.0,0.0,1.0,1.0,0.0,0.0,0.8188
1.0,1.0,1.0,0.0,0.0,0.0,0.0,0.0,1.0,0.0,1.0,0.0,0.7125
1.0,1.0,1.0,0.0,0.0,0.0,0.0,0.0,1.0,0.0,0.0,1.0,0.8312
0.0,0.0,0.0,1.0,0.0,1.0,0.0,0.0,0.0,1.0,0.0,0.0,0.8188
0.0,0.0,0.0,1.0,0.0,1.0,0.0,0.0,0.0,0.0,1.0,0.0,0.7125
0.0,0.0,0.0,1.0,0.0,1.0,0.0,0.0,0.0,0.0,0.0,1.0,0.7875
0.0,0.3333333333333333,0.0,1.0,0.0,1.0,0.0,0.0,0.0,1.0,0.0,0.0,0.8625
0.0,0.3333333333333333,0.0,1.0,0.0,1.0,0.0,0.0,0.0,0.0,1.0,0.0,0.7125
0.0,0.3333333333333333,0.0,1.0,0.0,1.0,0.0,0.0,0.0,0.0,0.0,1.0,0.85
0.0,1.0,0.0,1.0,0.0,1.0,0.0,0.0,0.0,1.0,0.0,0.0,0.8375
0.0,1.0,0.0,1.0,0.0,1.0,0.0,0.0,0.0,0.0,1.0,0.0,0.7313
0.0,1.0,0.0,1.0,0.0,1.0,0.0,0.0,0.0,0.0,0.0,1.0,0.8312
0.5,0.0,0.0,1.0,0.0,1.0,0.0,0.0,0.0,1.0,0.0,0.0,0.825
0.5,0.0,0.0,1.0,0.0,1.0,0.0,0.0,0.0,0.0,1.0,0.0,0.7125
0.5,0.0,0.0,1.0,0.0,1.0,0.0,0.0,0.0,0.0,0.0,1.0,0.8
0.5,0.3333333333333333,0.0,1.0,0.0,1.0,0.0,0.0,0.0,1.0,0.0,0.0,0.825
0.5,0.3333333333333333,0.0,1.0,0.0,1.0,0.0,0.0,0.0,0.0,1.0,0.0,0.7125
0.5,0.3333333333333333,0.0,1.0,0.0,1.0,0.0,0.0,0.0,0.0,0.0,1.0,0.8375
0.5,1.0,0.0,1.0,0.0,1.0,0.0,0.0,0.0,1.0,0.0,0.0,0.8188
0.5,1.0,0.0,1.0,0.0,1.0,0.0,0.0,0.0,0.0,1.0,0.0,0.7125
0.5,1.0,0.0,1.0,0.0,1.0,0.0,0.0,0.0,0.0,0.0,1.0,0.8
1.0,0.0,0.0,1.0,0.0,1.0,0.0,0.0,0.0,1.0,0.0,0.0,0.8
1.0,0.0,0.0,1.0,0.0,1.0,0.0,0.0,0.0,0.0,1.0,0.0,0.7125
1.0,0.0,0.0,1.0,0.0,1.0,0.0,0.0,0.0,0.0,0.0,1.0,0.7938
1.0,0.3333333333333333,0.0,1.0,0.0,1.0,0.0,0.0,0.0,1.0,0.0,0.0,0.8375
1.0,0.3333333333333333,0.0,1.0,0.0,1.0,0.0,0.0,0.0,0.0,1.0,0.0,0.7125
1.0,0.3333333333333333,0.0,1.0,0.0,1.0,0.0,0.0,0.0,0.0,0.0,1.0,0.825
1.0,1.0,0.0,1.0,0.0,1.0,0.0,0.0,0.0,1.0,0.0,0.0,0.825
1.0,1.0,0.0,1.0,0.0,1.0,0.0,0.0,0.0,0.0,1.0,0.0,0.7125
1.0,1.0,0.0,1.0,0.0,1.0,0.0,0.0,0.0,0.0,0.0,1.0,0.8125
0.0,0.0,0.0,1.0,0.0,0.0,1.0,0.0,0.0,1.0,0.0,0.0,0.8312
0.0,0.0,0.0,1.0,0.0,0.0,1.0,0.0,0.0,0.0,1.0,0.0,0.7125
0.0,0.0,0.0,1.0,0.0,0.0,1.0,0.0,0.0,0.0,0.0,1.0,0.7875
0.0,0.3333333333333333,0.0,1.0,0.0,0.0,1.0,0.0,0.0,1.0,0.0,0.0,0.8562
0.0,0.3333333333333333,0.0,1.0,0.0,0.0,1.0,0.0,0.0,0.0,1.0,0.0,0.7125
0.0,0.3333333333333333,0.0,1.0,0.0,0.0,1.0,0.0,0.0,0.0,0.0,1.0,0.85
0.0,1.0,0.0,1.0,0.0,0.0,1.0,0.0,0.0,1.0,0.0,0.0,0.8812
0.0,1.0,0.0,1.0,0.0,0.0,1.0,0.0,0.0,0.0,1.0,0.0,0.7313
0.0,1.0,0.0,1.0,0.0,0.0,1.0,0.0,0.0,0.0,0.0,1.0,0.8688
0.5,0.0,0.0,1.0,0.0,0.0,1.0,0.0,0.0,1.0,0.0,0.0,0.825
0.5,0.0,0.0,1.0,0.0,0.0,1.0,0.0,0.0,0.0,1.0,0.0,0.7125
0.5,0.0,0.0,1.0,0.0,0.0,1.0,0.0,0.0,0.0,0.0,1.0,0.8188
0.5,0.3333333333333333,0.0,1.0,0.0,0.0,1.0,0.0,0.0,1.0,0.0,0.0,0.8625
0.5,0.3333333333333333,0.0,1.0,0.0,0.0,1.0,0.0,0.0,0.0,1.0,0.0,0.7125
0.5,0.3333333333333333,0.0,1.0,0.0,0.0,1.0,0.0,0.0,0.0,0.0,1.0,0.8625
0.5,1.0,0.0,1.0,0.0,0.0,1.0,0.0,0.0,1.0,0.0,0.0,0.85
0.5,1.0,0.0,1.0,0.0,0.0,1.0,0.0,0.0,0.0,1.0,0.0,0.7125
0.5,1.0,0.0,1.0,0.0,0.0,1.0,0.0,0.0,0.0,0.0,1.0,0.8562
1.0,0.0,0.0,1.0,0.0,0.0,1.0,0.0,0.0,1.0,0.0,0.0,0.8688
1.0,0.0,0.0,1.0,0.0,0.0,1.0,0.0,0.0,0.0,1.0,0.0,0.7125
1.0,0.0,0.0,1.0,0.0,0.0,1.0,0.0,0.0,0.0,0.0,1.0,0.8562
1.0,0.3333333333333333,0.0,1.0,0.0,0.0,1.0,0.0,0.0,1.0,0.0,0.0,0.8875
1.0,0.3333333333333333,0.0,1.0,0.0,0.0,1.0,0.0,0.0,0.0,1.0,0.0,0.7125
1.0,0.3333333333333333,0.0,1.0,0.0,0.0,1.0,0.0,0.0,0.0,0.0,1.0,0.8562
1.0,1.0,0.0,1.0,0.0,0.0,1.0,0.0,0.0,1.0,0.0,0.0,0.8625
1.0,1.0,0.0,1.0,0.0,0.0,1.0,0.0,0.0,0.0,1.0,0.0,0.7125
1.0,1.0,0.0,1.0,0.0,0.0,1.0,0.0,0.0,0.0,0.0,1.0,0.8625
0.0,0.0,0.0,1.0,0.0,0.0,0.0,1.0,0.0,1.0,0.0,0.0,0.8625
0.0,0.0,0.0,1.0,0.0,0.0,0.0,1.0,0.0,0.0,1.0,0.0,0.7125
0.0,0.0,0.0,1.0,0.0,0.0,0.0,1.0,0.0,0.0,0.0,1.0,0.8688
0.0,0.3333333333333333,0.0,1.0,0.0,0.0,0.0,1.0,0.0,1.0,0.0,0.0,0.8438
0.0,0.3333333333333333,0.0,1.0,0.0,0.0,0.0,1.0,0.0,0.0,1.0,0.0,0.7125
0.0,0.3333333333333333,0.0,1.0,0.0,0.0,0.0,1.0,0.0,0.0,0.0,1.0,0.8562
0.0,1.0,0.0,1.0,0.0,0.0,0.0,1.0,0.0,1.0,0.0,0.0,0.875
0.0,1.0,0.0,1.0,0.0,0.0,0.0,1.0,0.0,0.0,1.0,0.0,0.725
0.0,1.0,0.0,1.0,0.0,0.0,0.0,1.0,0.0,0.0,0.0,1.0,0.85
0.5,0.0,0.0,1.0,0.0,0.0,0.0,1.0,0.0,1.0,0.0,0.0,0.8812
0.5,0.0,0.0,1.0,0.0,0.0,0.0,1.0,0.0,0.0,1.0,0.0,0.7125
0.5,0.0,0.0,1.0,0.0,0.0,0.0,1.0,0.0,0.0,0.0,1.0,0.8562
0.5,0.3333333333333333,0.0,1.0,0.0,0.0,0.0,1.0,0.0,1.0,0.0,0.0,0.8625
0.5,0.3333333333333333,0.0,1.0,0.0,0.0,0.0,1.0,0.0,0.0,1.0,0.0,0.7125
0.5,0.3333333333333333,0.0,1.0,0.0,0.0,0.0,1.0,0.0,0.0,0.0,1.0,0.8562
0.5,1.0,0.0,1.0,0.0,0.0,0.0,1.0,0.0,1.0,0.0,0.0,0.875
0.5,1.0,0.0,1.0,0.0,0.0,0.0,1.0,0.0,0.0,1.0,0.0,0.7125
0.5,1.0,0.0,1.0,0.0,0.0,0.0,1.0,0.0,0.0,0.0,1.0,0.8312
1.0,0.0,0.0,1.0,0.0,0.0,0.0,1.0,0.0,1.0,0.0,0.0,0.8562
1.0,0.0,0.0,1.0,0.0,0.0,0.0,1.0,0.0,0.0,1.0,0.0,0.7125
1.0,0.0,0.0,1.0,0.0,0.0,0.0,1.0,0.0,0.0,0.0,1.0,0.8562
1.0,0.3333333333333333,0.0,1.0,0.0,0.0,0.0,1.0,0.0,1.0,0.0,0.0,0.8438
1.0,0.3333333333333333,0.0,1.0,0.0,0.0,0.0,1.0,0.0,0.0,1.0,0.0,0.7125
1.0,0.3333333333333333,0.0,1.0,0.0,0.0,0.0,1.0,0.0,0.0,0.0,1.0,0.8625
1.0,1.0,0.0,1.0,0.0,0.0,0.0,1.0,0.0,1.0,0.0,0.0,0.8562
1.0,1.0,0.0,1.0,0.0,0.0,0.0,1.0,0.0,0.0,1.0,0.0,0.7188
1.0,1.0,0.0,1.0,0.0,0.0,0.0,1.0,0.0,0.0,0.0,1.0,0.85
0.0,0.0,0.0,1.0,0.0,0.0,0.0,0.0,1.0,1.0,0.0,0.0,0.8062
0.0,0.0,0.0,1.0,0.0,0.0,0.0,0.0,1.0,0.0,1.0,0.0,0.7125
0.0,0.0,0.0,1.0,0.0,0.0,0.0,0.0,1.0,0.0,0.0,1.0,0.7812
0.0,0.3333333333333333,0.0,1.0,0.0,0.0,0.0,0.0,1.0,1.0,0.0,0.0,0.8688
0.0,0.3333333333333333,0.0,1.0,0.0,0.0,0.0,0.0,1.0,0.0,1.0,0.0,0.7125
0.0,0.3333333333333333,0.0,1.0,0.0,0.0,0.0,0.0,1.0,0.0,0.0,1.0,0.8562
0.0,1.0,0.0,1.0,0.0,0.0,0.0,0.0,1.0,1.0,0.0,0.0,0.8562
0.0,1.0,0.0,1.0,0.0,0.0,0.0,0.0,1.0,0.0,1.0,0.0,0.7188
0.0,1.0,0.0,1.0,0.0,0.0,0.0,0.0,1.0,0.0,0.0,1.0,0.8688
0.5,0.0,0.0,1.0,0.0,0.0,0.0,0.0,1.0,1.0,0.0,0.0,0.8375
0.5,0.0,0.0,1.0,0.0,0.0,0.0,0.0,1.0,0.0,1.0,0.0,0.7125
0.5,0.0,0.0,1.0,0.0,0.0,0.0,0.0,1.0,0.0,0.0,1.0,0.7938
0.5,0.3333333333333333,0.0,1.0,0.0,0.0,0.0,0.0,1.0,1.0,0.0,0.0,0.8438
0.5,0.3333333333333333,0.0,1.0,0.0,0.0,0.0,0.0,1.0,0.0,1.0,0.0,0.7125
0.5,0.3333333333333333,0.0,1.0,0.0,0.0,0.0,0.0,1.0,0.0,0.0,1.0,0.8312
0.5,1.0,0.0,1.0,0.0,0.0,0.0,0.0,1.0,1.0,0.0,0.0,0.8438
0.5,1.0,0.0,1.0,0.0,0.0,0.0,0.0,1.0,0.0,1.0,0.0,0.7125
0.5,1.0,0.0,1.0,0.0,0.0,0.0,0.0,1.0,0.0,0.0,1.0,0.8312
1.0,0.0,0.0,1.0,0.0,0.0,0.0,0.0,1.0,1.0,0.0,0.0,0.8375
1.0,0.0,0.0,1.0,0.0,0.0,0.0,0.0,1.0,0.0,1.0,0.0,0.7125
1.0,0.0,0.0,1.0,0.0,0.0,0.0,0.0,1.0,0.0,0.0,1.0,0.7875
1.0,0.3333333333333333,0.0,1.0,0.0,0.0,0.0,0.0,1.0,1.0,0.0,0.0,0.8312
1.0,0.3333333333333333,0.0,1.0,0.0,0.0,0.0,0.0,1.0,0.0,1.0,0.0,0.7125
1.0,0.3333333333333333,0.0,1.0,0.0,0.0,0.0,0.0,1.0,0.0,0.0,1.0,0.8625
1.0,1.0,0.0,1.0,0.0,0.0,0.0,0.0,1.0,1.0,0.0,0.0,0.8188
1.0,1.0,0.0,1.0,0.0,0.0,0.0,0.0,1.0,0.0,1.0,0.0,0.7125
1.0,1.0,0.0,1.0,0.0,0.0,0.0,0.0,1.0,0.0,0.0,1.0,0.825
0.0,0.0,0.0,0.0,1.0,1.0,0.0,0.0,0.0,1.0,0.0,0.0,0.8062
0.0,0.0,0.0,0.0,1.0,1.0,0.0,0.0,0.0,0.0,1.0,0.0,0.7313
0.0,0.0,0.0,0.0,1.0,1.0,0.0,0.0,0.0,0.0,0.0,1.0,0.7812
0.0,0.3333333333333333,0.0,0.0,1.0,1.0,0.0,0.0,0.0,1.0,0.0,0.0,0.85
0.0,0.3333333333333333,0.0,0.0,1.0,1.0,0.0,0.0,0.0,0.0,1.0,0.0,0.725
0.0,0.3333333333333333,0.0,0.0,1.0,1.0,0.0,0.0,0.0,0.0,0.0,1.0,0.875
0.0,1.0,0.0,0.0,1.0,1.0,0.0,0.0,0.0,1.0,0.0,0.0,0.875
0.0,1.0,0.0,0.0,1.0,1.0,0.0,0.0,0.0,0.0,1.0,0.0,0.8
0.0,1.0,0.0,0.0,1.0,1.0,0.0,0.0,0.0,0.0,0.0,1.0,0.8625
0.5,0.0,0.0,0.0,1.0,1.0,0.0,0.0,0.0,1.0,0.0,0.0,0.8375
0.5,0.0,0.0,0.0,1.0,1.0,0.0,0.0,0.0,0.0,1.0,0.0,0.75
0.5,0.0,0.0,0.0,1.0,1.0,0.0,0.0,0.0,0.0,0.0,1.0,0.8312
0.5,0.3333333333333333,0.0,0.0,1.0,1.0,0.0,0.0,0.0,1.0,0.0,0.0,0.875
0.5,0.3333333333333333,0.0,0.0,1.0,1.0,0.0,0.0,0.0,0.0,1.0,0.0,0.7375
0.5,0.3333333333333333,0.0,0.0,1.0,1.0,0.0,0.0,0.0,0.0,0.0,1.0,0.8625
0.5,1.0,0.0,0.0,1.0,1.0,0.0,0.0,0.0,1.0,0.0,0.0,0.8812
0.5,1.0,0.0,0.0,1.0,1.0,0.0,0.0,0.0,0.0,1.0,0.0,0.8312
0.5,1.0,0.0,0.0,1.0,1.0,0.0,0.0,0.0,0.0,0.0,1.0,0.8812
1.0,0.0,0.0,0.0,1.0,1.0,0.0,0.0,0.0,1.0,0.0,0.0,0.85
1.0,0.0,0.0,0.0,1.0,1.0,0.0,0.0,0.0,0.0,1.0,0.0,0.7375
1.0,0.0,0.0,0.0,1.0,1.0,0.0,0.0,0.0,0.0,0.0,1.0,0.8375
1.0,0.3333333333333333,0.0,0.0,1.0,1.0,0.0,0.0,0.0,1.0,0.0,0.0,0.8312
1.0,0.3333333333333333,0.0,0.0,1.0,1.0,0.0,0.0,0.0,0.0,1.0,0.0,0.7938
1.0,0.3333333333333333,0.0,0.0,1.0,1.0,0.0,0.0,0.0,0.0,0.0,1.0,0.825
1.0,1.0,0.0,0.0,1.0,1.0,0.0,0.0,0.0,1.0,0.0,0.0,0.8875
1.0,1.0,0.0,0.0,1.0,1.0,0.0,0.0,0.0,0.0,1.0,0.0,0.8312
1.0,1.0,0.0,0.0,1.0,1.0,0.0,0.0,0.0,0.0,0.0,1.0,0.8688
0.0,0.0,0.0,0.0,1.0,0.0,1.0,0.0,0.0,1.0,0.0,0.0,0.8062
0.0,0.0,0.0,0.0,1.0,0.0,1.0,0.0,0.0,0.0,1.0,0.0,0.725
0.0,0.0,0.0,0.0,1.0,0.0,1.0,0.0,0.0,0.0,0.0,1.0,0.8312
0.0,0.3333333333333333,0.0,0.0,1.0,0.0,1.0,0.0,0.0,1.0,0.0,0.0,0.8375
0.0,0.3333333333333333,0.0,0.0,1.0,0.0,1.0,0.0,0.0,0.0,1.0,0.0,0.6875
0.0,0.3333333333333333,0.0,0.0,1.0,0.0,1.0,0.0,0.0,0.0,0.0,1.0,0.8438
0.0,1.0,0.0,0.0,1.0,0.0,1.0,0.0,0.0,1.0,0.0,0.0,0.8562
0.0,1.0,0.0,0.0,1.0,0.0,1.0,0.0,0.0,0.0,1.0,0.0,0.7938
0.0,1.0,0.0,0.0,1.0,0.0,1.0,0.0,0.0,0.0,0.0,1.0,0.85
0.5,0.0,0.0,0.0,1.0,0.0,1.0,0.0,0.0,1.0,0.0,0.0,0.8188
0.5,0.0,0.0,0.0,1.0,0.0,1.0,0.0,0.0,0.0,1.0,0.0,0.7812
0.5,0.0,0.0,0.0,1.0,0.0,1.0,0.0,0.0,0.0,0.0,1.0,0.8438
0.5,0.3333333333333333,0.0,0.0,1.0,0.0,1.0,0.0,0.0,1.0,0.0,0.0,0.8562
0.5,0.3333333333333333,0.0,0.0,1.0,0.0,1.0,0.0,0.0,0.0,1.0,0.0,0.7688
0.5,0.3333333333333333,0.0,0.0,1.0,0.0,1.0,0.0,0.0,0.0,0.0,1.0,0.8688
0.5,1.0,0.0,0.0,1.0,0.0,1.0,0.0,0.0,1.0,0.0,0.0,0.85
0.5,1.0,0.0,0.0,1.0,0.0,1.0,0.0,0.0,0.0,1.0,0.0,0.8188
0.5,1.0,0.0,0.0,1.0,0.0,1.0,0.0,0.0,0.0,0.0,1.0,0.8812
1.0,0.0,0.0,0.0,1.0,0.0,1.0,0.0,0.0,1.0,0.0,0.0,0.825
1.0,0.0,0.0,0.0,1.0,0.0,1.0,0.0,0.0,0.0,1.0,0.0,0.8
1.0,0.0,0.0,0.0,1.0,0.0,1.0,0.0,0.0,0.0,0.0,1.0,0.875
1.0,0.3333333333333333,0.0,0.0,1.0,0.0,1.0,0.0,0.0,1.0,0.0,0.0,0.85
1.0,0.3333333333333333,0.0,0.0,1.0,0.0,1.0,0.0,0.0,0.0,1.0,0.0,0.7688
1.0,0.3333333333333333,0.0,0.0,1.0,0.0,1.0,0.0,0.0,0.0,0.0,1.0,0.8688
1.0,1.0,0.0,0.0,1.0,0.0,1.0,0.0,0.0,1.0,0.0,0.0,0.85
1.0,1.0,0.0,0.0,1.0,0.0,1.0,0.0,0.0,0.0,1.0,0.0,0.825
1.0,1.0,0.0,0.0,1.0,0.0,1.0,0.0,0.0,0.0,0.0,1.0,0.8438
0.0,0.0,0.0,0.0,1.0,0.0,0.0,1.0,0.0,1.0,0.0,0.0,0.825
0.0,0.0,0.0,0.0,1.0,0.0,0.0,1.0,0.0,0.0,1.0,0.0,0.7625
0.0,0.0,0.0,0.0,1.0,0.0,0.0,1.0,0.0,0.0,0.0,1.0,0.8438
0.0,0.3333333333333333,0.0,0.0,1.0,0.0,0.0,1.0,0.0,1.0,0.0,0.0,0.8312
0.0,0.3333333333333333,0.0,0.0,1.0,0.0,0.0,1.0,0.0,0.0,1.0,0.0,0.7688
0.0,0.3333333333333333,0.0,0.0,1.0,0.0,0.0,1.0,0.0,0.0,0.0,1.0,0.8562
0.0,1.0,0.0,0.0,1.0,0.0,0.0,1.0,0.0,1.0,0.0,0.0,0.8562
0.0,1.0,0.0,0.0,1.0,0.0,0.0,1.0,0.0,0.0,1.0,0.0,0.7938
0.0,1.0,0.0,0.0,1.0,0.0,0.0,1.0,0.0,0.0,0.0,1.0,0.875
0.5,0.0,0.0,0.0,1.0,0.0,0.0,1.0,0.0,1.0,0.0,0.0,0.8688
0.5,0.0,0.0,0.0,1.0,0.0,0.0,1.0,0.0,0.0,1.0,0.0,0.8125
0.5,0.0,0.0,0.0,1.0,0.0,0.0,1.0,0.0,0.0,0.0,1.0,0.8688
0.5,0.3333333333333333,0.0,0.0,1.0,0.0,0.0,1.0,0.0,1.0,0.0,0.0,0.8625
0.5,0.3333333333333333,0.0,0.0,1.0,0.0,0.0,1.0,0.0,0.0,1.0,0.0,0.7812
0.5,0.3333333333333333,0.0,0.0,1.0,0.0,0.0,1.0,0.0,0.0,0.0,1.0,0.8688
0.5,1.0,0.0,0.0,1.0,0.0,0.0,1.0,0.0,1.0,0.0,0.0,0.8375
0.5,1.0,0.0,0.0,1.0,0.0,0.0,1.0,0.0,0.0,1.0,0.0,0.8625
0.5,1.0,0.0,0.0,1.0,0.0,0.0,1.0,0.0,0.0,0.0,1.0,0.8438
1.0,0.0,0.0,0.0,1.0,0.0,0.0,1.0,0.0,1.0,0.0,0.0,0.85
1.0,0.0,0.0,0.0,1.0,0.0,0.0,1.0,0.0,0.0,1.0,0.0,0.875
1.0,0.0,0.0,0.0,1.0,0.0,0.0,1.0,0.0,0.0,0.0,1.0,0.8438
1.0,0.3333333333333333,0.0,0.0,1.0,0.0,0.0,1.0,0.0,1.0,0.0,0.0,0.8625
1.0,0.3333333333333333,0.0,0.0,1.0,0.0,0.0,1.0,0.0,0.0,1.0,0.0,0.8875
1.0,0.3333333333333333,0.0,0.0,1.0,0.0,0.0,1.0,0.0,0.0,0.0,1.0,0.85
1.0,1.0,0.0,0.0,1.0,0.0,0.0,1.0,0.0,1.0,0.0,0.0,0.85
1.0,1.0,0.0,0.0,1.0,0.0,0.0,1.0,0.0,0.0,1.0,0.0,0.8562
1.0,1.0,0.0,0.0,1.0,0.0,0.0,1.0,0.0,0.0,0.0,1.0,0.875
0.0,0.0,0.0,0.0,1.0,0.0,0.0,0.0,1.0,1.0,0.0,0.0,0.8438
0.0,0.0,0.0,0.0,1.0,0.0,0.0,0.0,1.0,0.0,1.0,0.0,0.7188
0.0,0.0,0.0,0.0,1.0,0.0,0.0,0.0,1.0,0.0,0.0,1.0,0.8
0.0,0.3333333333333333,0.0,0.0,1.0,0.0,0.0,0.0,1.0,1.0,0.0,0.0,0.8438
0.0,0.3333333333333333,0.0,0.0,1.0,0.0,0.0,0.0,1.0,0.0,1.0,0.0,0.7625
0.0,0.3333333333333333,0.0,0.0,1.0,0.0,0.0,0.0,1.0,0.0,0.0,1.0,0.8562
0.0,1.0,0.0,0.0,1.0,0.0,0.0,0.0,1.0,1.0,0.0,0.0,0.85
0.0,1.0,0.0,0.0,1.0,0.0,0.0,0.0,1.0,0.0,1.0,0.0,0.7938
0.0,1.0,0.0,0.0,1.0,0.0,0.0,0.0,1.0,0.0,0.0,1.0,0.8625
0.5,0.0,0.0,0.0,1.0,0.0,0.0,0.0,1.0,1.0,0.0,0.0,0.8188
0.5,0.0,0.0,0.0,1.0,0.0,0.0,0.0,1.0,0.0,1.0,0.0,0.7375
0.5,0.0,0.0,0.0,1.0,0.0,0.0,0.0,1.0,0.0,0.0,1.0,0.8312
0.5,0.3333333333333333,0.0,0.0,1.0,0.0,0.0,0.0,1.0,1.0,0.0,0.0,0.8562
0.5,0.3333333333333333,0.0,0.0,1.0,0.0,0.0,0.0,1.0,0.0,1.0,0.0,0.7562
0.5,0.3333333333333333,0.0,0.0,1.0,0.0,0.0,0.0,1.0,0.0,0.0,1.0,0.8625
0.5,1.0,0.0,0.0,1.0,0.0,0.0,0.0,1.0,1.0,0.0,0.0,0.8625
0.5,1.0,0.0,0.0,1.0,0.0,0.0,0.0,1.0,0.0,1.0,0.0,0.8188
0.5,1.0,0.0,0.0,1.0,0.0,0.0,0.0,1.0,0.0,0.0,1.0,0.8688
1.0,0.0,0.0,0.0,1.0,0.0,0.0,0.0,1.0,1.0,0.0,0.0,0.8312
1.0,0.0,0.0,0.0,1.0,0.0,0.0,0.0,1.0,0.0,1.0,0.0,0.7313
1.0,0.0,0.0,0.0,1.0,0.0,0.0,0.0,1.0,0.0,0.0,1.0,0.85
1.0,0.3333333333333333,0.0,0.0,1.0,0.0,0.0,0.0,1.0,1.0,0.0,0.0,0.8438
1.0,0.3333333333333333,0.0,0.0,1.0,0.0,0.0,0.0,1.0,0.0,1.0,0.0,0.825
1.0,0.3333333333333333,0.0,0.0,1.0,0.0,0.0,0.0,1.0,0.0,0.0,1.0,0.8312
1.0,1.0,0.0,0.0,1.0,0.0,0.0,0.0,1.0,1.0,0.0,0.0,0.8562
1.0,1.0,0.0,0.0,1.0,0.0,0.0,0.0,1.0,0.0,1.0,0.0,0.8438
1.0,1.0,0.0,0.0,1.0,0.0,0.0,0.0,1.0,0.0,0.0,1.0,0.8562
