0.0,0.0,1.0,0.0,0.0,1.0,0.0,0.0,0.0,1.0,0.0,0.0,0.9762
0.0,0.0,1.0,0.0,0.0,1.0,0.0,0.0,0.0,0.0,1.0,0.0,0.9138
0.0,0.0,1.0,0.0,0.0,1.0,0.0,0.0,0.0,0.0,0.0,1.0,0.98
0.0,0.3333333333333333,1.0,0.0,0.0,1.0,0.0,0.0,0.0,1.0,0.0,0.0,0.9788
0.0,0.3333333333333333,1.0,0.0,0.0,1.0,0.0,0.0,0.0,0.0,1.0,0.0,0.9375
0.0,0.3333333333333333,1.0,0.0,0.0,1.0,0.0,0.0,0.0,0.0,0.0,1.0,0.9812
0.0,1.0,1.0,0.0,0.0,1.0,0.0,0.0,0.0,1.0,0.0,0.0,0.98
0.0,1.0,1.0,0.0,0.0,1.0,0.0,0.0,0.0,0.0,1.0,0.0,0.9475
0.0,1.0,1.0,0.0,0.0,1.0,0.0,0.0,0.0,0.0,0.0,1.0,0.9838
0.5,0.0,1.0,0.0,0.0,1.0,0.0,0.0,0.0,1.0,0.0,0.0,0.9775
0.5,0.0,1.0,0.0,0.0,1.0,0.0,0.0,0.0,0.0,1.0,0.0,0.915
0.5,0.0,1.0,0.0,0.0,1.0,0.0,0.0,0.0,0.0,0.0,1.0,0.9838
0.5,0.3333333333333333,1.0,0.0,0.0,1.0,0.0,0.0,0.0,1.0,0.0,0.0,0.98
0.5,0.3333333333333333,1.0,0.0,0.0,1.0,0.0,0.0,0.0,0.0,1.0,0.0,0.9238
0.5,0.3333333333333333,1.0,0.0,0.0,1.0,0.0,0.0,0.0,0.0,0.0,1.0,0.9775
0.5,1.0,1.0,0.0,0.0,1.0,0.0,0.0,0.0,1.0,0.0,0.0,0.9862
0.5,1.0,1.0,0.0,0.0,1.0,0.0,0.0,0.0,0.0,1.0,0.0,0.9525
0.5,1.0,1.0,0.0,0.0,1.0,0.0,0.0,0.0,0.0,0.0,1.0,0.9762
1.0,0.0,1.0,0.0,0.0,1.0,0.0,0.0,0.0,1.0,0.0,0.0,0.9788
1.0,0.0,1.0,0.0,0.0,1.0,0.0,0.0,0.0,0.0,1.0,0.0,0.9212
1.0,0.0,1.0,0.0,0.0,1.0,0.0,0.0,0.0,0.0,0.0,1.0,0.9788
1.0,0.3333333333333333,1.0,0.0,0.0,1.0,0.0,0.0,0.0,1.0,0.0,0.0,0.9812
1.0,0.3333333333333333,1.0,0.0,0.0,1.0,0.0,0.0,0.0,0.0,1.0,0.0,0.9388
1.0,0.3333333333333333,1.0,0.0,0.0,1.0,0.0,0.0,0.0,0.0,0.0,1.0,0.98
1.0,1.0,1.0,0.0,0.0,1.0,0.0,0.0,0.0,1.0,0.0,0.0,0.9825
1.0,1.0,1.0,0.0,0.0,1.0,0.0,0.0,0.0,0.0,1.0,0.0,0.9512
1.0,1.0,1.0,0.0,0.0,1.0,0.0,0.0,0.0,0.0,0.0,1.0,0.95
0.0,0.0,1.0,0.0,0.0,0.0,1.0,0.0,0.0,1.0,0.0,0.0,0.9788
0.0,0.0,1.0,0.0,0.0,0.0,1.0,0.0,0.0,0.0,1.0,0.0,0.915
0.0,0.0,1.0,0.0,0.0,0.0,1.0,0.0,0.0,0.0,0.0,1.0,0.9788
0.0,0.3333333333333333,1.0,0.0,0.0,0.0,1.0,0.0,0.0,1.0,0.0,0.0,0.9788
0.0,0.3333333333333333,1.0,0.0,0.0,0.0,1.0,0.0,0.0,0.0,1.0,0.0,0.9512
0.0,0.3333333333333333,1.0,0.0,0.0,0.0,1.0,0.0,0.0,0.0,0.0,1.0,0.98
0.0,1.0,1.0,0.0,0.0,0.0,1.0,0.0,0.0,1.0,0.0,0.0,0.9825
0.0,1.0,1.0,0.0,0.0,0.0,1.0,0.0,0.0,0.0,1.0,0.0,0.9475
0.0,1.0,1.0,0.0,0.0,0.0,1.0,0.0,0.0,0.0,0.0,1.0,0.98
0.5,0.0,1.0,0.0,0.0,0.0,1.0,0.0,0.0,1.0,0.0,0.0,0.9788
0.5,0.0,1.0,0.0,0.0,0.0,1.0,0.0,0.0,0.0,1.0,0.0,0.925
0.5,0.0,1.0,0.0,0.0,0.0,1.0,0.0,0.0,0.0,0.0,1.0,0.98
0.5,0.3333333333333333,1.0,0.0,0.0,0.0,1.0,0.0,0.0,1.0,0.0,0.0,0.9825
0.5,0.3333333333333333,1.0,0.0,0.0,0.0,1.0,0.0,0.0,0.0,1.0,0.0,0.9425
0.5,0.3333333333333333,1.0,0.0,0.0,0.0,1.0,0.0,0.0,0.0,0.0,1.0,0.98
0.5,1.0,1.0,0.0,0.0,0.0,1.0,0.0,0.0,1.0,0.0,0.0,0.9825
0.5,1.0,1.0,0.0,0.0,0.0,1.0,0.0,0.0,0.0,1.0,0.0,0.95
0.5,1.0,1.0,0.0,0.0,0.0,1.0,0.0,0.0,0.0,0.0,1.0,0.9825
1.0,0.0,1.0,0.0,0.0,0.0,1.0,0.0,0.0,1.0,0.0,0.0,0.98
1.0,0.0,1.0,0.0,0.0,0.0,1.0,0.0,0.0,0.0,1.0,0.0,0.9412
1.0,0.0,1.0,0.0,0.0,0.0,1.0,0.0,0.0,0.0,0.0,1.0,0.98
1.0,0.3333333333333333,1.0,0.0,0.0,0.0,1.0,0.0,0.0,1.0,0.0,0.0,0.9825
1.0,0.3333333333333333,1.0,0.0,0.0,0.0,1.0,0.0,0.0,0.0,1.0,0.0,0.9225
1.0,0.3333333333333333,1.0,0.0,0.0,0.0,1.0,0.0,0.0,0.0,0.0,1.0,0.9788
1.0,1.0,1.0,0.0,0.0,0.0,1.0,0.0,0.0,1.0,0.0,0.0,0.9825
1.0,1.0,1.0,0.0,0.0,0.0,1.0,0.0,0.0,0.0,1.0,0.0,0.9438
1.0,1.0,1.0,0.0,0.0,0.0,1.0,0.0,0.0,0.0,0.0,1.0,0.9775
0.0,0.0,1.0,0.0,0.0,0.0,0.0,1.0,0.0,1.0,0.0,0.0,0.9788
0.0,0.0,1.0,0.0,0.0,0.0,0.0,1.0,0.0,0.0,1.0,0.0,0.94
0.0,0.0,1.0,0.0,0.0,0.0,0.0,1.0,0.0,0.0,0.0,1.0,0.9812
0.0,0.3333333333333333,1.0,0.0,0.0,0.0,0.0,1.0,0.0,1.0,0.0,0.0,0.98
0.0,0.3333333333333333,1.0,0.0,0.0,0.0,0.0,1.0,0.0,0.0,1.0,0.0,0.945
0.0,0.3333333333333333,1.0,0.0,0.0,0.0,0.0,1.0,0.0,0.0,0.0,1.0,0.98
0.0,1.0,1.0,0.0,0.0,0.0,0.0,1.0,0.0,1.0,0.0,0.0,0.9775
0.0,1.0,1.0,0.0,0.0,0.0,0.0,1.0,0.0,0.0,1.0,0.0,0.9375
0.0,1.0,1.0,0.0,0.0,0.0,0.0,1.0,0.0,0.0,0.0,1.0,0.9825
0.5,0.0,1.0,0.0,0.0,0.0,0.0,1.0,0.0,1.0,0.0,0.0,0.9825
0.5,0.0,1.0,0.0,0.0,0.0,0.0,1.0,0.0,0.0,1.0,0.0,0.95
0.5,0.0,1.0,0.0,0.0,0.0,0.0,1.0,0.0,0.0,0.0,1.0,0.9762
0.5,0.3333333333333333,1.0,0.0,0.0,0.0,0.0,1.0,0.0,1.0,0.0,0.0,0.9838
0.5,0.3333333333333333,1.0,0.0,0.0,0.0,0.0,1.0,0.0,0.0,1.0,0.0,0.9438
0.5,0.3333333333333333,1.0,0.0,0.0,0.0,0.0,1.0,0.0,0.0,0.0,1.0,0.9762
0.5,1.0,1.0,0.0,0.0,0.0,0.0,1.0,0.0,1.0,0.0,0.0,0.9838
0.5,1.0,1.0,0.0,0.0,0.0,0.0,1.0,0.0,0.0,1.0,0.0,0.9512
0.5,1.0,1.0,0.0,0.0,0.0,0.0,1.0,0.0,0.0,0.0,1.0,0.9812
1.0,0.0,1.0,0.0,0.0,0.0,0.0,1.0,0.0,1.0,0.0,0.0,0.9788
1.0,0.0,1.0,0.0,0.0,0.0,0.0,1.0,0.0,0.0,1.0,0.0,0.9375
1.0,0.0,1.0,0.0,0.0,0.0,0.0,1.0,0.0,0.0,0.0,1.0,0.9838
1.0,0.3333333333333333,1.0,0.0,0.0,0.0,0.0,1.0,0.0,1.0,0.0,0.0,0.9775
1.0,0.3333333333333333,1.0,0.0,0.0,0.0,0.0,1.0,0.0,0.0,1.0,0.0,0.95
1.0,0.3333333333333333,1.0,0.0,0.0,0.0,0.0,1.0,0.0,0.0,0.0,1.0,0.9788
1.0,1.0,1.0,0.0,0.0,0.0,0.0,1.0,0.0,1.0,0.0,0.0,0.9825
1.0,1.0,1.0,0.0,0.0,0.0,0.0,1.0,0.0,0.0,1.0,0.0,0.95
1.0,1.0,1.0,0.0,0.0,0.0,0.0,1.0,0.0,0.0,0.0,1.0,0.9775
0.0,0.0,1.0,0.0,0.0,0.0,0.0,0.0,1.0,1.0,0.0,0.0,0.9612
0.0,0.0,1.0,0.0,0.0,0.0,0.0,0.0,1.0,0.0,1.0,0.0,0.9125
0.0,0.0,1.0,0.0,0.0,0.0,0.0,0.0,1.0,0.0,0.0,1.0,0.9588
0.0,0.3333333333333333,1.0,0.0,0.0,0.0,0.0,0.0,1.0,1.0,0.0,0.0,0.9838
0.0,0.3333333333333333,1.0,0.0,0.0,0.0,0.0,0.0,1.0,0.0,1.0,0.0,0.9312
0.0,0.3333333333333333,1.0,0.0,0.0,0.0,0.0,0.0,1.0,0.0,0.0,1.0,0.98
0.0,1.0,1.0,0.0,0.0,0.0,0.0,0.0,1.0,1.0,0.0,0.0,0.9825
0.0,1.0,1.0,0.0,0.0,0.0,0.0,0.0,1.0,0.0,1.0,0.0,0.9512
0.0,1.0,1.0,0.0,0.0,0.0,0.0,0.0,1.0,0.0,0.0,1.0,0.9812
0.5,0.0,1.0,0.0,0.0,0.0,0.0,0.0,1.0,1.0,0.0,0.0,0.975
0.5,0.0,1.0,0.0,0.0,0.0,0.0,0.0,1.0,0.0,1.0,0.0,0.9125
0.5,0.0,1.0,0.0,0.0,0.0,0.0,0.0,1.0,0.0,0.0,1.0,0.9738
0.5,0.3333333333333333,1.0,0.0,0.0,0.0,0.0,0.0,1.0,1.0,0.0,0.0,0.98
0.5,0.3333333333333333,1.0,0.0,0.0,0.0,0.0,0.0,1.0,0.0,1.0,0.0,0.9175
0.5,0.3333333333333333,1.0,0.0,0.0,0.0,0.0,0.0,1.0,0.0,0.0,1.0,0.9812
0.5,1.0,1.0,0.0,0.0,0.0,0.0,0.0,1.0,1.0,0.0,0.0,0.9812
0.5,1.0,1.0,0.0,0.0,0.0,0.0,0.0,1.0,0.0,1.0,0.0,0.95
0.5,1.0,1.0,0.0,0.0,0.0,0.0,0.0,1.0,0.0,0.0,1.0,0.98
1.0,0.0,1.0,0.0,0.0,0.0,0.0,0.0,1.0,1.0,0.0,0.0,0.975
1.0,0.0,1.0,0.0,0.0,0.0,0.0,0.0,1.0,0.0,1.0,0.0,0.9125
1.0,0.0,1.0,0.0,0.0,0.0,0.0,0.0,1.0,0.0,0.0,1.0,0.9775
1.0,0.3333333333333333,1.0,0.0,0.0,0.0,0.0,0.0,1.0,1.0,0.0,0.0,0.9788
1.0,0.3333333333333333,1.0,0.0,0.0,0.0,0.0,0.0,1.0,0.0,1.0,0.0,0.93
1.0,0.3333333333333333,1.0,0.0,0.0,0.0,0.0,0.0,1.0,0.0,0.0,1.0,0.9788
1.0,1.0,1.0,0.0,0.0,0.0,0.0,0.0,1.0,1.0,0.0,0.0,0.9812
1.0,1.0,1.0,0.0,0.0,0.0,0.0,0.0,1.0,0.0,1.0,0.0,0.9475
1.0,1.0,1.0,0.0,0.0,0.0,0.0,0.0,1.0,0.0,0.0,1.0,0.9825
0.0,0.0,0.0,1.0,0.0,1.0,0.0,0.0,0.0,1.0,0.0,0.0,0.9738
0.0,0.0,0.0,1.0,0.0,1.0,0.0,0.0,0.0,0.0,1.0,0.0,0.9138
0.0,0.0,0.0,1.0,0.0,1.0,0.0,0.0,0.0,0.0,0.0,1.0,0.9738
0.0,0.3333333333333333,0.0,1.0,0.0,1.0,0.0,0.0,0.0,1.0,0.0,0.0,0.98
0.0,0.3333333333333333,0.0,1.0,0.0,1.0,0.0,0.0,0.0,0.0,1.0,0.0,0.9375
0.0,0.3333333333333333,0.0,1.0,0.0,1.0,0.0,0.0,0.0,0.0,0.0,1.0,0.98
0.0,1.0,0.0,1.0,0.0,1.0,0.0,0.0,0.0,1.0,0.0,0.0,0.9825
0.0,1.0,0.0,1.0,0.0,1.0,0.0,0.0,0.0,0.0,1.0,0.0,0.9438
0.0,1.0,0.0,1.0,0.0,1.0,0.0,0.0,0.0,0.0,0.0,1.0,0.9825
0.5,0.0,0.0,1.0,0.0,1.0,0.0,0.0,0.0,1.0,0.0,0.0,0.9725
0.5,0.0,0.0,1.0,0.0,1.0,0.0,0.0,0.0,0.0,1.0,0.0,0.9138
0.5,0.0,0.0,1.0,0.0,1.0,0.0,0.0,0.0,0.0,0.0,1.0,0.9775
0.5,0.3333333333333333,0.0,1.0,0.0,1.0,0.0,0.0,0.0,1.0,0.0,0.0,0.9775
0.5,0.3333333333333333,0.0,1.0,0.0,1.0,0.0,0.0,0.0,0.0,1.0,0.0,0.9212
0.5,0.3333333333333333,0.0,1.0,0.0,1.0,0.0,0.0,0.0,0.0,0.0,1.0,0.9775
0.5,1.0,0.0,1.0,0.0,1.0,0.0,0.0,0.0,1.0,0.0,0.0,0.9775
0.5,1.0,0.0,1.0,0.0,1.0,0.0,0.0,0.0,0.0,1.0,0.0,0.9538
0.5,1.0,0.0,1.0,0.0,1.0,0.0,0.0,0.0,0.0,0.0,1.0,0.9812
1.0,0.0,0.0,1.0,0.0,1.0,0.0,0.0,0.0,1.0,0.0,0.0,0.97
1.0,0.0,0.0,1.0,0.0,1.0,0.0,0.0,0.0,0.0,1.0,0.0,0.9125
1.0,0.0,0.0,1.0,0.0,1.0,0.0,0.0,0.0,0.0,0.0,1.0,0.9588
1.0,0.3333333333333333,0.0,1.0,0.0,1.0,0.0,0.0,0.0,1.0,0.0,0.0,0.9812
1.0,0.3333333333333333,0.0,1.0,0.0,1.0,0.0,0.0,0.0,0.0,1.0,0.0,0.9275
1.0,0.3333333333333333,0.0,1.0,0.0,1.0,0.0,0.0,0.0,0.0,0.0,1.0,0.9775
1.0,1.0,0.0,1.0,0.0,1.0,0.0,0.0,0.0,1.0,0.0,0.0,0.9825
1.0,1.0,0.0,1.0,0.0,1.0,0.0,0.0,0.0,0.0,1.0,0.0,0.945
1.0,1.0,0.0,1.0,0.0,1.0,0.0,0.0,0.0,0.0,0.0,1.0,0.9475
0.0,0.0,0.0,1.0,0.0,0.0,1.0,0.0,0.0,1.0,0.0,0.0,0.9688
0.0,0.0,0.0,1.0,0.0,0.0,1.0,0.0,0.0,0.0,1.0,0.0,0.9138
0.0,0.0,0.0,1.0,0.0,0.0,1.0,0.0,0.0,0.0,0.0,1.0,0.9762
0.0,0.3333333333333333,0.0,1.0,0.0,0.0,1.0,0.0,0.0,1.0,0.0,0.0,0.9788
0.0,0.3333333333333333,0.0,1.0,0.0,0.0,1.0,0.0,0.0,0.0,1.0,0.0,0.95
0.0,0.3333333333333333,0.0,1.0,0.0,0.0,1.0,0.0,0.0,0.0,0.0,1.0,0.9788
0.0,1.0,0.0,1.0,0.0,0.0,1.0,0.0,0.0,1.0,0.0,0.0,0.9838
0.0,1.0,0.0,1.0,0.0,0.0,1.0,0.0,0.0,0.0,1.0,0.0,0.9462
0.0,1.0,0.0,1.0,0.0,0.0,1.0,0.0,0.0,0.0,0.0,1.0,0.9812
0.5,0.0,0.0,1.0,0.0,0.0,1.0,0.0,0.0,1.0,0.0,0.0,0.9762
0.5,0.0,0.0,1.0,0.0,0.0,1.0,0.0,0.0,0.0,1.0,0.0,0.9212
0.5,0.0,0.0,1.0,0.0,0.0,1.0,0.0,0.0,0.0,0.0,1.0,0.97
0.5,0.3333333333333333,0.0,1.0,0.0,0.0,1.0,0.0,0.0,1.0,0.0,0.0,0.9825
0.5,0.3333333333333333,0.0,1.0,0.0,0.0,1.0,0.0,0.0,0.0,1.0,0.0,0.94
0.5,0.3333333333333333,0.0,1.0,0.0,0.0,1.0,0.0,0.0,0.0,0.0,1.0,0.9825
0.5,1.0,0.0,1.0,0.0,0.0,1.0,0.0,0.0,1.0,0.0,0.0,0.9838
0.5,1.0,0.0,1.0,0.0,0.0,1.0,0.0,0.0,0.0,1.0,0.0,0.9412
0.5,1.0,0.0,1.0,0.0,0.0,1.0,0.0,0.0,0.0,0.0,1.0,0.9775
1.0,0.0,0.0,1.0,0.0,0.0,1.0,0.0,0.0,1.0,0.0,0.0,0.9775
1.0,0.0,0.0,1.0,0.0,0.0,1.0,0.0,0.0,0.0,1.0,0.0,0.9338
1.0,0.0,0.0,1.0,0.0,0.0,1.0,0.0,0.0,0.0,0.0,1.0,0.98
1.0,0.3333333333333333,0.0,1.0,0.0,0.0,1.0,0.0,0.0,1.0,0.0,0.0,0.9838
1.0,0.3333333333333333,0.0,1.0,0.0,0.0,1.0,0.0,0.0,0.0,1.0,0.0,0.93
1.0,0.3333333333333333,0.0,1.0,0.0,0.0,1.0,0.0,0.0,0.0,0.0,1.0,0.9812
1.0,1.0,0.0,1.0,0.0,0.0,1.0,0.0,0.0,1.0,0.0,0.0,0.985
1.0,1.0,0.0,1.0,0.0,0.0,1.0,0.0,0.0,0.0,1.0,0.0,0.9438
1.0,1.0,0.0,1.0,0.0,0.0,1.0,0.0,0.0,0.0,0.0,1.0,0.9825
0.0,0.0,0.0,1.0,0.0,0.0,0.0,1.0,0.0,1.0,0.0,0.0,0.9775
0.0,0.0,0.0,1.0,0.0,0.0,0.0,1.0,0.0,0.0,1.0,0.0,0.9338
0.0,0.0,0.0,1.0,0.0,0.0,0.0,1.0,0.0,0.0,0.0,1.0,0.975
0.0,0.3333333333333333,0.0,1.0,0.0,0.0,0.0,1.0,0.0,1.0,0.0,0.0,0.9838
0.0,0.3333333333333333,0.0,1.0,0.0,0.0,0.0,1.0,0.0,0.0,1.0,0.0,0.945
0.0,0.3333333333333333,0.0,1.0,0.0,0.0,0.0,1.0,0.0,0.0,0.0,1.0,0.9788
0.0,1.0,0.0,1.0,0.0,0.0,0.0,1.0,0.0,1.0,0.0,0.0,0.9812
0.0,1.0,0.0,1.0,0.0,0.0,0.0,1.0,0.0,0.0,1.0,0.0,0.9475
0.0,1.0,0.0,1.0,0.0,0.0,0.0,1.0,0.0,0.0,0.0,1.0,0.9812
0.5,0.0,0.0,1.0,0.0,0.0,0.0,1.0,0.0,1.0,0.0,0.0,0.9788
0.5,0.0,0.0,1.0,0.0,0.0,0.0,1.0,0.0,0.0,1.0,0.0,0.9475
0.5,0.0,0.0,1.0,0.0,0.0,0.0,1.0,0.0,0.0,0.0,1.0,0.975
0.5,0.3333333333333333,0.0,1.0,0.0,0.0,0.0,1.0,0.0,1.0,0.0,0.0,0.9825
0.5,0.3333333333333333,0.0,1.0,0.0,0.0,0.0,1.0,0.0,0.0,1.0,0.0,0.9412
0.5,0.3333333333333333,0.0,1.0,0.0,0.0,0.0,1.0,0.0,0.0,0.0,1.0,0.9788
0.5,1.0,0.0,1.0,0.0,0.0,0.0,1.0,0.0,1.0,0.0,0.0,0.9838
0.5,1.0,0.0,1.0,0.0,0.0,0.0,1.0,0.0,0.0,1.0,0.0,0.9475
0.5,1.0,0.0,1.0,0.0,0.0,0.0,1.0,0.0,0.0,0.0,1.0,0.9812
1.0,0.0,0.0,1.0,0.0,0.0,0.0,1.0,0.0,1.0,0.0,0.0,0.9638
1.0,0.0,0.0,1.0,0.0,0.0,0.0,1.0,0.0,0.0,1.0,0.0,0.9125
1.0,0.0,0.0,1.0,0.0,0.0,0.0,1.0,0.0,0.0,0.0,1.0,0.9775
1.0,0.3333333333333333,0.0,1.0,0.0,0.0,0.0,1.0,0.0,1.0,0.0,0.0,0.9875
1.0,0.3333333333333333,0.0,1.0,0.0,0.0,0.0,1.0,0.0,0.0,1.0,0.0,0.945
1.0,0.3333333333333333,0.0,1.0,0.0,0.0,0.0,1.0,0.0,0.0,0.0,1.0,0.9825
1.0,1.0,0.0,1.0,0.0,0.0,0.0,1.0,0.0,1.0,0.0,0.0,0.9838
1.0,1.0,0.0,1.0,0.0,0.0,0.0,1.0,0.0,0.0,1.0,0.0,0.9462
1.0,1.0,0.0,1.0,0.0,0.0,0.0,1.0,0.0,0.0,0.0,1.0,0.9788
0.0,0.0,0.0,1.0,0.0,0.0,0.0,0.0,1.0,1.0,0.0,0.0,0.9675
0.0,0.0,0.0,1.0,0.0,0.0,0.0,0.0,1.0,0.0,1.0,0.0,0.9125
0.0,0.0,0.0,1.0,0.0,0.0,0.0,0.0,1.0,0.0,0.0,1.0,0.9562
0.0,0.3333333333333333,0.0,1.0,0.0,0.0,0.0,0.0,1.0,1.0,0.0,0.0,0.9775
0.0,0.3333333333333333,0.0,1.0,0.0,0.0,0.0,0.0,1.0,0.0,1.0,0.0,0.9275
0.0,0.3333333333333333,0.0,1.0,0.0,0.0,0.0,0.0,1.0,0.0,0.0,1.0,0.9762
0.0,1.0,0.0,1.0,0.0,0.0,0.0,0.0,1.0,1.0,0.0,0.0,0.9825
0.0,1.0,0.0,1.0,0.0,0.0,0.0,0.0,1.0,0.0,1.0,0.0,0.95
0.0,1.0,0.0,1.0,0.0,0.0,0.0,0.0,1.0,0.0,0.0,1.0,0.9812
0.5,0.0,0.0,1.0,0.0,0.0,0.0,0.0,1.0,1.0,0.0,0.0,0.97
0.5,0.0,0.0,1.0,0.0,0.0,0.0,0.0,1.0,0.0,1.0,0.0,0.9425
0.5,0.0,0.0,1.0,0.0,0.0,0.0,0.0,1.0,0.0,0.0,1.0,0.9688
0.5,0.3333333333333333,0.0,1.0,0.0,0.0,0.0,0.0,1.0,1.0,0.0,0.0,0.9775
0.5,0.3333333333333333,0.0,1.0,0.0,0.0,0.0,0.0,1.0,0.0,1.0,0.0,0.9175
0.5,0.3333333333333333,0.0,1.0,0.0,0.0,0.0,0.0,1.0,0.0,0.0,1.0,0.9825
0.5,1.0,0.0,1.0,0.0,0.0,0.0,0.0,1.0,1.0,0.0,0.0,0.9788
0.5,1.0,0.0,1.0,0.0,0.0,0.0,0.0,1.0,0.0,1.0,0.0,0.9475
0.5,1.0,0.0,1.0,0.0,0.0,0.0,0.0,1.0,0.0,0.0,1.0,0.98
1.0,0.0,0.0,1.0,0.0,0.0,0.0,0.0,1.0,1.0,0.0,0.0,0.9688
1.0,0.0,0.0,1.0,0.0,0.0,0.0,0.0,1.0,0.0,1.0,0.0,0.9125
1.0,0.0,0.0,1.0,0.0,0.0,0.0,0.0,1.0,0.0,0.0,1.0,0.9625
1.0,0.3333333333333333,0.0,1.0,0.0,0.0,0.0,0.0,1.0,1.0,0.0,0.0,0.9812
1.0,0.3333333333333333,0.0,1.0,0.0,0.0,0.0,0.0,1.0,0.0,1.0,0.0,0.93
1.0,0.3333333333333333,0.0,1.0,0.0,0.0,0.0,0.0,1.0,0.0,0.0,1.0,0.9825
1.0,1.0,0.0,1.0,0.0,0.0,0.0,0.0,1.0,1.0,0.0,0.0,0.9788
1.0,1.0,0.0,1.0,0.0,0.0,0.0,0.0,1.0,0.0,1.0,0.0,0.9438
1.0,1.0,0.0,1.0,0.0,0.0,0.0,0.0,1.0,0.0,0.0,1.0,0.9838
0.0,0.0,0.0,0.0,1.0,1.0,0.0,0.0,0.0,1.0,0.0,0.0,0.9788
0.0,0.0,0.0,0.0,1.0,1.0,0.0,0.0,0.0,0.0,1.0,0.0,0.955
0.0,0.0,0.0,0.0,1.0,1.0,0.0,0.0,0.0,0.0,0.0,1.0,0.975
0.0,0.3333333333333333,0.0,0.0,1.0,1.0,0.0,0.0,0.0,1.0,0.0,0.0,0.9775
0.0,0.3333333333333333,0.0,0.0,1.0,1.0,0.0,0.0,0.0,0.0,1.0,0.0,0.9525
0.0,0.3333333333333333,0.0,0.0,1.0,1.0,0.0,0.0,0.0,0.0,0.0,1.0,0.9775
0.0,1.0,0.0,0.0,1.0,1.0,0.0,0.0,0.0,1.0,0.0,0.0,0.9788
0.0,1.0,0.0,0.0,1.0,1.0,0.0,0.0,0.0,0.0,1.0,0.0,0.9712
0.0,1.0,0.0,0.0,1.0,1.0,0.0,0.0,0.0,0.0,0.0,1.0,0.9775
0.5,0.0,0.0,0.0,1.0,1.0,0.0,0.0,0.0,1.0,0.0,0.0,0.98
0.5,0.0,0.0,0.0,1.0,1.0,0.0,0.0,0.0,0.0,1.0,0.0,0.9638
0.5,0.0,0.0,0.0,1.0,1.0,0.0,0.0,0.0,0.0,0.0,1.0,0.9725
0.5,0.3333333333333333,0.0,0.0,1.0,1.0,0.0,0.0,0.0,1.0,0.0,0.0,0.98
0.5,0.3333333333333333,0.0,0.0,1.0,1.0,0.0,0.0,0.0,0.0,1.0,0.0,0.9638
0.5,0.3333333333333333,0.0,0.0,1.0,1.0,0.0,0.0,0.0,0.0,0.0,1.0,0.9775
0.5,1.0,0.0,0.0,1.0,1.0,0.0,0.0,0.0,1.0,0.0,0.0,0.9812
0.5,1.0,0.0,0.0,1.0,1.0,0.0,0.0,0.0,0.0,1.0,0.0,0.9775
0.5,1.0,0.0,0.0,1.0,1.0,0.0,0.0,0.0,0.0,0.0,1.0,0.9762
1.0,0.0,0.0,0.0,1.0,1.0,0.0,0.0,0.0,1.0,0.0,0.0,0.9762
1.0,0.0,0.0,0.0,1.0,1.0,0.0,0.0,0.0,0.0,1.0,0.0,0.9712
1.0,0.0,0.0,0.0,1.0,1.0,0.0,0.0,0.0,0.0,0.0,1.0,0.9738
1.0,0.3333333333333333,0.0,0.0,1.0,1.0,0.0,0.0,0.0,1.0,0.0,0.0,0.9762
1.0,0.3333333333333333,0.0,0.0,1.0,1.0,0.0,0.0,0.0,0.0,1.0,0.0,0.975
1.0,0.3333333333333333,0.0,0.0,1.0,1.0,0.0,0.0,0.0,0.0,0.0,1.0,0.9775
1.0,1.0,0.0,0.0,1.0,1.0,0.0,0.0,0.0,1.0,0.0,0.0,0.9788
1.0,1.0,0.0,0.0,1.0,1.0,0.0,0.0,0.0,0.0,1.0,0.0,0.98
1.0,1.0,0.0,0.0,1.0,1.0,0.0,0.0,0.0,0.0,0.0,1.0,0.9762
0.0,0.0,0.0,0.0,1.0,0.0,1.0,0.0,0.0,1.0,0.0,0.0,0.975
0.0,0.0,0.0,0.0,1.0,0.0,1.0,0.0,0.0,0.0,1.0,0.0,0.9438
0.0,0.0,0.0,0.0,1.0,0.0,1.0,0.0,0.0,0.0,0.0,1.0,0.9762
0.0,0.3333333333333333,0.0,0.0,1.0,0.0,1.0,0.0,0.0,1.0,0.0,0.0,0.98
0.0,0.3333333333333333,0.0,0.0,1.0,0.0,1.0,0.0,0.0,0.0,1.0,0.0,0.9488
0.0,0.3333333333333333,0.0,0.0,1.0,0.0,1.0,0.0,0.0,0.0,0.0,1.0,0.98
0.0,1.0,0.0,0.0,1.0,0.0,1.0,0.0,0.0,1.0,0.0,0.0,0.98
0.0,1.0,0.0,0.0,1.0,0.0,1.0,0.0,0.0,0.0,1.0,0.0,0.9662
0.0,1.0,0.0,0.0,1.0,0.0,1.0,0.0,0.0,0.0,0.0,1.0,0.9775
0.5,0.0,0.0,0.0,1.0,0.0,1.0,0.0,0.0,1.0,0.0,0.0,0.9775
0.5,0.0,0.0,0.0,1.0,0.0,1.0,0.0,0.0,0.0,1.0,0.0,0.9525
0.5,0.0,0.0,0.0,1.0,0.0,1.0,0.0,0.0,0.0,0.0,1.0,0.9775
0.5,0.3333333333333333,0.0,0.0,1.0,0.0,1.0,0.0,0.0,1.0,0.0,0.0,0.9825
0.5,0.3333333333333333,0.0,0.0,1.0,0.0,1.0,0.0,0.0,0.0,1.0,0.0,0.9688
0.5,0.3333333333333333,0.0,0.0,1.0,0.0,1.0,0.0,0.0,0.0,0.0,1.0,0.9775
0.5,1.0,0.0,0.0,1.0,0.0,1.0,0.0,0.0,1.0,0.0,0.0,0.9788
0.5,1.0,0.0,0.0,1.0,0.0,1.0,0.0,0.0,0.0,1.0,0.0,0.9712
0.5,1.0,0.0,0.0,1.0,0.0,1.0,0.0,0.0,0.0,0.0,1.0,0.975
1.0,0.0,0.0,0.0,1.0,0.0,1.0,0.0,0.0,1.0,0.0,0.0,0.9762
1.0,0.0,0.0,0.0,1.0,0.0,1.0,0.0,0.0,0.0,1.0,0.0,0.9662
1.0,0.0,0.0,0.0,1.0,0.0,1.0,0.0,0.0,0.0,0.0,1.0,0.9762
1.0,0.3333333333333333,0.0,0.0,1.0,0.0,1.0,0.0,0.0,1.0,0.0,0.0,0.9762
1.0,0.3333333333333333,0.0,0.0,1.0,0.0,1.0,0.0,0.0,0.0,1.0,0.0,0.9775
1.0,0.3333333333333333,0.0,0.0,1.0,0.0,1.0,0.0,0.0,0.0,0.0,1.0,0.9775
1.0,1.0,0.0,0.0,1.0,0.0,1.0,0.0,0.0,1.0,0.0,0.0,0.9788
1.0,1.0,0.0,0.0,1.0,0.0,1.0,0.0,0.0,0.0,1.0,0.0,0.9788
1.0,1.0,0.0,0.0,1.0,0.0,1.0,0.0,0.0,0.0,0.0,1.0,0.9762
0.0,0.0,0.0,0.0,1.0,0.0,0.0,1.0,0.0,1.0,0.0,0.0,0.9788
0.0,0.0,0.0,0.0,1.0,0.0,0.0,1.0,0.0,0.0,1.0,0.0,0.9638
0.0,0.0,0.0,0.0,1.0,0.0,0.0,1.0,0.0,0.0,0.0,1.0,0.9788
0.0,0.3333333333333333,0.0,0.0,1.0,0.0,0.0,1.0,0.0,1.0,0.0,0.0,0.98
0.0,0.3333333333333333,0.0,0.0,1.0,0.0,0.0,1.0,0.0,0.0,1.0,0.0,0.9588
0.0,0.3333333333333333,0.0,0.0,1.0,0.0,0.0,1.0,0.0,0.0,0.0,1.0,0.98
0.0,1.0,0.0,0.0,1.0,0.0,0.0,1.0,0.0,1.0,0.0,0.0,0.98
0.0,1.0,0.0,0.0,1.0,0.0,0.0,1.0,0.0,0.0,1.0,0.0,0.9675
0.0,1.0,0.0,0.0,1.0,0.0,0.0,1.0,0.0,0.0,0.0,1.0,0.9775
0.5,0.0,0.0,0.0,1.0,0.0,0.0,1.0,0.0,1.0,0.0,0.0,0.9825
0.5,0.0,0.0,0.0,1.0,0.0,0.0,1.0,0.0,0.0,1.0,0.0,0.9625
0.5,0.0,0.0,0.0,1.0,0.0,0.0,1.0,0.0,0.0,0.0,1.0,0.9762
0.5,0.3333333333333333,0.0,0.0,1.0,0.0,0.0,1.0,0.0,1.0,0.0,0.0,0.9788
0.5,0.3333333333333333,0.0,0.0,1.0,0.0,0.0,1.0,0.0,0.0,1.0,0.0,0.97
0.5,0.3333333333333333,0.0,0.0,1.0,0.0,0.0,1.0,0.0,0.0,0.0,1.0,0.9738
0.5,1.0,0.0,0.0,1.0,0.0,0.0,1.0,0.0,1.0,0.0,0.0,0.98
0.5,1.0,0.0,0.0,1.0,0.0,0.0,1.0,0.0,0.0,1.0,0.0,0.9812
0.5,1.0,0.0,0.0,1.0,0.0,0.0,1.0,0.0,0.0,0.0,1.0,0.9812
1.0,0.0,0.0,0.0,1.0,0.0,0.0,1.0,0.0,1.0,0.0,0.0,0.9762
1.0,0.0,0.0,0.0,1.0,0.0,0.0,1.0,0.0,0.0,1.0,0.0,0.98
1.0,0.0,0.0,0.0,1.0,0.0,0.0,1.0,0.0,0.0,0.0,1.0,0.98
1.0,0.3333333333333333,0.0,0.0,1.0,0.0,0.0,1.0,0.0,1.0,0.0,0.0,0.9825
1.0,0.3333333333333333,0.0,0.0,1.0,0.0,0.0,1.0,0.0,0.0,1.0,0.0,0.9788
1.0,0.3333333333333333,0.0,0.0,1.0,0.0,0.0,1.0,0.0,0.0,0.0,1.0,0.9725
1.0,1.0,0.0,0.0,1.0,0.0,0.0,1.0,0.0,1.0,0.0,0.0,0.9812
1.0,1.0,0.0,0.0,1.0,0.0,0.0,1.0,0.0,0.0,1.0,0.0,0.9825
1.0,1.0,0.0,0.0,1.0,0.0,0.0,1.0,0.0,0.0,0.0,1.0,0.9838
0.0,0.0,0.0,0.0,1.0,0.0,0.0,0.0,1.0,1.0,0.0,0.0,0.9775
0.0,0.0,0.0,0.0,1.0,0.0,0.0,0.0,1.0,0.0,1.0,0.0,0.95
0.0,0.0,0.0,0.0,1.0,0.0,0.0,0.0,1.0,0.0,0.0,1.0,0.975
0.0,0.3333333333333333,0.0,0.0,1.0,0.0,0.0,0.0,1.0,1.0,0.0,0.0,0.98
0.0,0.3333333333333333,0.0,0.0,1.0,0.0,0.0,0.0,1.0,0.0,1.0,0.0,0.9462
0.0,0.3333333333333333,0.0,0.0,1.0,0.0,0.0,0.0,1.0,0.0,0.0,1.0,0.9788
0.0,1.0,0.0,0.0,1.0,0.0,0.0,0.0,1.0,1.0,0.0,0.0,0.9788
0.0,1.0,0.0,0.0,1.0,0.0,0.0,0.0,1.0,0.0,1.0,0.0,0.9688
0.0,1.0,0.0,0.0,1.0,0.0,0.0,0.0,1.0,0.0,0.0,1.0,0.9762
0.5,0.0,0.0,0.0,1.0,0.0,0.0,0.0,1.0,1.0,0.0,0.0,0.9812
0.5,0.0,0.0,0.0,1.0,0.0,0.0,0.0,1.0,0.0,1.0,0.0,0.9512
0.5,0.0,0.0,0.0,1.0,0.0,0.0,0.0,1.0,0.0,0.0,1.0,0.9762
0.5,0.3333333333333333,0.0,0.0,1.0,0.0,0.0,0.0,1.0,1.0,0.0,0.0,0.9788
0.5,0.3333333333333333,0.0,0.0,1.0,0.0,0.0,0.0,1.0,0.0,1.0,0.0,0.9538
0.5,0.3333333333333333,0.0,0.0,1.0,0.0,0.0,0.0,1.0,0.0,0.0,1.0,0.9775
0.5,1.0,0.0,0.0,1.0,0.0,0.0,0.0,1.0,1.0,0.0,0.0,0.9788
0.5,1.0,0.0,0.0,1.0,0.0,0.0,0.0,1.0,0.0,1.0,0.0,0.9762
0.5,1.0,0.0,0.0,1.0,0.0,0.0,0.0,1.0,0.0,0.0,1.0,0.975
1.0,0.0,0.0,0.0,1.0,0.0,0.0,0.0,1.0,1.0,0.0,0.0,0.9762
1.0,0.0,0.0,0.0,1.0,0.0,0.0,0.0,1.0,0.0,1.0,0.0,0.9588
1.0,0.0,0.0,0.0,1.0,0.0,0.0,0.0,1.0,0.0,0.0,1.0,0.9788
1.0,0.3333333333333333,0.0,0.0,1.0,0.0,0.0,0.0,1.0,1.0,0.0,0.0,0.9775
1.0,0.3333333333333333,0.0,0.0,1.0,0.0,0.0,0.0,1.0,0.0,1.0,0.0,0.9662
1.0,0.3333333333333333,0.0,0.0,1.0,0.0,0.0,0.0,1.0,0.0,0.0,1.0,0.9762
1.0,1.0,0.0,0.0,1.0,0.0,0.0,0.0,1.0,1.0,0.0,0.0,0.9788
1.0,1.0,0.0,0.0,1.0,0.0,0.0,0.0,1.0,0.0,1.0,0.0,0.9788
1.0,1.0,0.0,0.0,1.0,0.0,0.0,0.0,1.0,0.0,0.0,1.0,0.975
