0.0,0.0,0.0,0.0,1.0,0.0,0.0,0.7143
0.0,0.0,0.0,1.0,1.0,0.0,0.0,0.6429
0.0,0.0,0.14285714285714285,0.0,1.0,0.0,0.0,0.6429
0.0,0.0,0.14285714285714285,1.0,1.0,0.0,0.0,0.7857
0.0,0.0,0.42857142857142855,0.0,1.0,0.0,0.0,0.9286
0.0,0.0,0.42857142857142855,1.0,1.0,0.0,0.0,1.0
0.0,0.0,1.0,0.0,1.0,0.0,0.0,1.0
0.0,0.0,1.0,1.0,1.0,0.0,0.0,0.9286
0.0,0.3333333333333333,0.0,0.0,1.0,0.0,0.0,0.6429
0.0,0.3333333333333333,0.0,1.0,1.0,0.0,0.0,0.7143
0.0,0.3333333333333333,0.14285714285714285,0.0,1.0,0.0,0.0,0.7143
0.0,0.3333333333333333,0.14285714285714285,1.0,1.0,0.0,0.0,0.7143
0.0,0.3333333333333333,0.42857142857142855,0.0,1.0,0.0,0.0,1.0
0.0,0.3333333333333333,0.42857142857142855,1.0,1.0,0.0,0.0,0.8571
0.0,0.3333333333333333,1.0,0.0,1.0,0.0,0.0,0.9286
0.0,0.3333333333333333,1.0,1.0,1.0,0.0,0.0,0.9286
0.0,0.6666666666666666,0.0,0.0,1.0,0.0,0.0,0.5714
0.0,0.6666666666666666,0.0,1.0,1.0,0.0,0.0,0.5714
0.0,0.6666666666666666,0.14285714285714285,0.0,1.0,0.0,0.0,0.6429
0.0,0.6666666666666666,0.14285714285714285,1.0,1.0,0.0,0.0,0.7857
0.0,0.6666666666666666,0.42857142857142855,0.0,1.0,0.0,0.0,1.0
0.0,0.6666666666666666,0.42857142857142855,1.0,1.0,0.0,0.0,1.0
0.0,0.6666666666666666,1.0,0.0,1.0,0.0,0.0,1.0
0.0,0.6666666666666666,1.0,1.0,1.0,0.0,0.0,1.0
0.0,1.0,0.0,0.0,1.0,0.0,0.0,0.6429
0.0,1.0,0.0,1.0,1.0,0.0,0.0,0.7143
0.0,1.0,0.14285714285714285,0.0,1.0,0.0,0.0,0.7143
0.0,1.0,0.14285714285714285,1.0,1.0,0.0,0.0,0.8571
0.0,1.0,0.42857142857142855,0.0,1.0,0.0,0.0,1.0
0.0,1.0,0.42857142857142855,1.0,1.0,0.0,0.0,0.8571
0.0,1.0,1.0,0.0,1.0,0.0,0.0,0.9286
0.0,1.0,1.0,1.0,1.0,0.0,0.0,1.0
0.4,0.0,0.0,0.0,1.0,0.0,0.0,0.2143
0.4,0.0,0.0,1.0,1.0,0.0,0.0,0.7143
0.4,0.0,0.14285714285714285,0.0,1.0,0.0,0.0,0.7143
0.4,0.0,0.14285714285714285,1.0,1.0,0.0,0.0,0.7143
0.4,0.0,0.42857142857142855,0.0,1.0,0.0,0.0,0.7857
0.4,0.0,0.42857142857142855,1.0,1.0,0.0,0.0,0.9286
0.4,0.0,1.0,0.0,1.0,0.0,0.0,1.0
0.4,0.0,1.0,1.0,1.0,0.0,0.0,0.9286
0.4,0.3333333333333333,0.0,0.0,1.0,0.0,0.0,0.9286
0.4,0.3333333333333333,0.0,1.0,1.0,0.0,0.0,0.4286
0.4,0.3333333333333333,0.14285714285714285,0.0,1.0,0.0,0.0,0.8571
0.4,0.3333333333333333,0.14285714285714285,1.0,1.0,0.0,0.0,0.7143
0.4,0.3333333333333333,0.42857142857142855,0.0,1.0,0.0,0.0,0.8571
0.4,0.3333333333333333,0.42857142857142855,1.0,1.0,0.0,0.0,1.0
0.4,0.3333333333333333,1.0,0.0,1.0,0.0,0.0,1.0
0.4,0.3333333333333333,1.0,1.0,1.0,0.0,0.0,0.9286
0.4,0.6666666666666666,0.0,0.0,1.0,0.0,0.0,0.5714
0.4,0.6666666666666666,0.0,1.0,1.0,0.0,0.0,0.5
0.4,0.6666666666666666,0.14285714285714285,0.0,1.0,0.0,0.0,0.5714
0.4,0.6666666666666666,0.14285714285714285,1.0,1.0,0.0,0.0,0.7857
0.4,0.6666666666666666,0.42857142857142855,0.0,1.0,0.0,0.0,0.8571
0.4,0.6666666666666666,0.42857142857142855,1.0,1.0,0.0,0.0,0.9286
0.4,0.6666666666666666,1.0,0.0,1.0,0.0,0.0,1.0
0.4,0.6666666666666666,1.0,1.0,1.0,0.0,0.0,0.8571
0.4,1.0,0.0,0.0,1.0,0.0,0.0,0.5714
0.4,1.0,0.0,1.0,1.0,0.0,0.0,0.5
0.4,1.0,0.14285714285714285,0.0,1.0,0.0,0.0,0.5714
0.4,1.0,0.14285714285714285,1.0,1.0,0.0,0.0,0.5714
0.4,1.0,0.42857142857142855,0.0,1.0,0.0,0.0,0.7143
0.4,1.0,0.42857142857142855,1.0,1.0,0.0,0.0,0.6429
0.4,1.0,1.0,0.0,1.0,0.0,0.0,0.8571
0.4,1.0,1.0,1.0,1.0,0.0,0.0,0.7857
1.0,0.0,0.0,0.0,1.0,0.0,0.0,0.2143
1.0,0.0,0.0,1.0,1.0,0.0,0.0,0.4286
1.0,0.0,0.14285714285714285,0.0,1.0,0.0,0.0,0.7143
1.0,0.0,0.14285714285714285,1.0,1.0,0.0,0.0,0.7143
1.0,0.0,0.42857142857142855,0.0,1.0,0.0,0.0,0.7857
1.0,0.0,0.42857142857142855,1.0,1.0,0.0,0.0,0.8571
1.0,0.0,1.0,0.0,1.0,0.0,0.0,1.0
1.0,0.0,1.0,1.0,1.0,0.0,0.0,1.0
1.0,0.3333333333333333,0.0,0.0,1.0,0.0,0.0,0.7143
1.0,0.3333333333333333,0.0,1.0,1.0,0.0,0.0,0.4286
1.0,0.3333333333333333,0.14285714285714285,0.0,1.0,0.0,0.0,0.4286
1.0,0.3333333333333333,0.14285714285714285,1.0,1.0,0.0,0.0,0.5714
1.0,0.3333333333333333,0.42857142857142855,0.0,1.0,0.0,0.0,0.7143
1.0,0.3333333333333333,0.42857142857142855,1.0,1.0,0.0,0.0,0.8571
1.0,0.3333333333333333,1.0,0.0,1.0,0.0,0.0,0.8571
1.0,0.3333333333333333,1.0,1.0,1.0,0.0,0.0,0.7143
1.0,0.6666666666666666,0.0,0.0,1.0,0.0,0.0,0.5
1.0,0.6666666666666666,0.0,1.0,1.0,0.0,0.0,0.1429
1.0,0.6666666666666666,0.14285714285714285,0.0,1.0,0.0,0.0,0.4286
1.0,0.6666666666666666,0.14285714285714285,1.0,1.0,0.0,0.0,0.3571
1.0,0.6666666666666666,0.42857142857142855,0.0,1.0,0.0,0.0,0.5
1.0,0.6666666666666666,0.42857142857142855,1.0,1.0,0.0,0.0,0.5
1.0,0.6666666666666666,1.0,0.0,1.0,0.0,0.0,0.5714
1.0,0.6666666666666666,1.0,1.0,1.0,0.0,0.0,0.5714
1.0,1.0,0.0,0.0,1.0,0.0,0.0,0.5
1.0,1.0,0.0,1.0,1.0,0.0,0.0,0.5
1.0,1.0,0.14285714285714285,0.0,1.0,0.0,0.0,0.5
1.0,1.0,0.14285714285714285,1.0,1.0,0.0,0.0,0.5
1.0,1.0,0.42857142857142855,0.0,1.0,0.0,0.0,0.5
1.0,1.0,0.42857142857142855,1.0,1.0,0.0,0.0,0.5
1.0,1.0,1.0,0.0,1.0,0.0,0.0,0.5
1.0,1.0,1.0,1.0,1.0,0.0,0.0,0.5714
0.0,0.0,0.0,0.0,0.0,1.0,0.0,0.7143
0.0,0.0,0.0,1.0,0.0,1.0,0.0,0.6429
0.0,0.0,0.14285714285714285,0.0,0.0,1.0,0.0,0.5714
0.0,0.0,0.14285714285714285,1.0,0.0,1.0,0.0,0.7143
0.0,0.0,0.42857142857142855,0.0,0.0,1.0,0.0,0.7857
0.0,0.0,0.42857142857142855,1.0,0.0,1.0,0.0,1.0
0.0,0.0,1.0,0.0,0.0,1.0,0.0,1.0
0.0,0.0,1.0,1.0,0.0,1.0,0.0,0.9286
0.0,0.3333333333333333,0.0,0.0,0.0,1.0,0.0,0.6429
0.0,0.3333333333333333,0.0,1.0,0.0,1.0,0.0,0.7857
0.0,0.3333333333333333,0.14285714285714285,0.0,0.0,1.0,0.0,0.5
0.0,0.3333333333333333,0.14285714285714285,1.0,0.0,1.0,0.0,0.6429
0.0,0.3333333333333333,0.42857142857142855,0.0,0.0,1.0,0.0,0.9286
0.0,0.3333333333333333,0.42857142857142855,1.0,0.0,1.0,0.0,0.8571
0.0,0.3333333333333333,1.0,0.0,0.0,1.0,0.0,0.9286
0.0,0.3333333333333333,1.0,1.0,0.0,1.0,0.0,0.9286
0.0,0.6666666666666666,0.0,0.0,0.0,1.0,0.0,0.5714
0.0,0.6666666666666666,0.0,1.0,0.0,1.0,0.0,0.5714
0.0,0.6666666666666666,0.14285714285714285,0.0,0.0,1.0,0.0,0.6429
0.0,0.6666666666666666,0.14285714285714285,1.0,0.0,1.0,0.0,0.8571
0.0,0.6666666666666666,0.42857142857142855,0.0,0.0,1.0,0.0,0.9286
0.0,0.6666666666666666,0.42857142857142855,1.0,0.0,1.0,0.0,0.9286
0.0,0.6666666666666666,1.0,0.0,0.0,1.0,0.0,1.0
0.0,0.6666666666666666,1.0,1.0,0.0,1.0,0.0,1.0
0.0,1.0,0.0,0.0,0.0,1.0,0.0,0.5714
0.0,1.0,0.0,1.0,0.0,1.0,0.0,0.5714
0.0,1.0,0.14285714285714285,0.0,0.0,1.0,0.0,0.5714
0.0,1.0,0.14285714285714285,1.0,0.0,1.0,0.0,0.5714
0.0,1.0,0.42857142857142855,0.0,0.0,1.0,0.0,0.8571
0.0,1.0,0.42857142857142855,1.0,0.0,1.0,0.0,0.7857
0.0,1.0,1.0,0.0,0.0,1.0,0.0,1.0
0.0,1.0,1.0,1.0,0.0,1.0,0.0,0.8571
0.4,0.0,0.0,0.0,0.0,1.0,0.0,0.5
0.4,0.0,0.0,1.0,0.0,1.0,0.0,0.4286
0.4,0.0,0.14285714285714285,0.0,0.0,1.0,0.0,0.7143
0.4,0.0,0.14285714285714285,1.0,0.0,1.0,0.0,0.5714
0.4,0.0,0.42857142857142855,0.0,0.0,1.0,0.0,0.8571
0.4,0.0,0.42857142857142855,1.0,0.0,1.0,0.0,0.9286
0.4,0.0,1.0,0.0,0.0,1.0,0.0,1.0
0.4,0.0,1.0,1.0,0.0,1.0,0.0,0.9286
0.4,0.3333333333333333,0.0,0.0,0.0,1.0,0.0,0.6429
0.4,0.3333333333333333,0.0,1.0,0.0,1.0,0.0,0.1429
0.4,0.3333333333333333,0.14285714285714285,0.0,0.0,1.0,0.0,0.5
0.4,0.3333333333333333,0.14285714285714285,1.0,0.0,1.0,0.0,0.8571
0.4,0.3333333333333333,0.42857142857142855,0.0,0.0,1.0,0.0,0.7857
0.4,0.3333333333333333,0.42857142857142855,1.0,0.0,1.0,0.0,0.8571
0.4,0.3333333333333333,1.0,0.0,0.0,1.0,0.0,1.0
0.4,0.3333333333333333,1.0,1.0,0.0,1.0,0.0,0.7857
0.4,0.6666666666666666,0.0,0.0,0.0,1.0,0.0,0.5714
0.4,0.6666666666666666,0.0,1.0,0.0,1.0,0.0,0.1429
0.4,0.6666666666666666,0.14285714285714285,0.0,0.0,1.0,0.0,0.5
0.4,0.6666666666666666,0.14285714285714285,1.0,0.0,1.0,0.0,0.5
0.4,0.6666666666666666,0.42857142857142855,0.0,0.0,1.0,0.0,0.5714
0.4,0.6666666666666666,0.42857142857142855,1.0,0.0,1.0,0.0,0.6429
0.4,0.6666666666666666,1.0,0.0,0.0,1.0,0.0,0.8571
0.4,0.6666666666666666,1.0,1.0,0.0,1.0,0.0,0.6429
0.4,1.0,0.0,0.0,0.0,1.0,0.0,0.5714
0.4,1.0,0.0,1.0,0.0,1.0,0.0,0.5
0.4,1.0,0.14285714285714285,0.0,0.0,1.0,0.0,0.5714
0.4,1.0,0.14285714285714285,1.0,0.0,1.0,0.0,0.5
0.4,1.0,0.42857142857142855,0.0,0.0,1.0,0.0,0.5714
0.4,1.0,0.42857142857142855,1.0,0.0,1.0,0.0,0.5
0.4,1.0,1.0,0.0,0.0,1.0,0.0,0.7143
0.4,1.0,1.0,1.0,0.0,1.0,0.0,0.6429
1.0,0.0,0.0,0.0,0.0,1.0,0.0,0.4286
1.0,0.0,0.0,1.0,0.0,1.0,0.0,0.4286
1.0,0.0,0.14285714285714285,0.0,0.0,1.0,0.0,0.7143
1.0,0.0,0.14285714285714285,1.0,0.0,1.0,0.0,0.5714
1.0,0.0,0.42857142857142855,0.0,0.0,1.0,0.0,0.7857
1.0,0.0,0.42857142857142855,1.0,0.0,1.0,0.0,0.8571
1.0,0.0,1.0,0.0,0.0,1.0,0.0,1.0
1.0,0.0,1.0,1.0,0.0,1.0,0.0,0.8571
1.0,0.3333333333333333,0.0,0.0,0.0,1.0,0.0,0.6429
1.0,0.3333333333333333,0.0,1.0,0.0,1.0,0.0,0.4286
1.0,0.3333333333333333,0.14285714285714285,0.0,0.0,1.0,0.0,0.4286
1.0,0.3333333333333333,0.14285714285714285,1.0,0.0,1.0,0.0,0.6429
1.0,0.3333333333333333,0.42857142857142855,0.0,0.0,1.0,0.0,0.5
1.0,0.3333333333333333,0.42857142857142855,1.0,0.0,1.0,0.0,0.5714
1.0,0.3333333333333333,1.0,0.0,0.0,1.0,0.0,0.7143
1.0,0.3333333333333333,1.0,1.0,0.0,1.0,0.0,0.7143
1.0,0.6666666666666666,0.0,0.0,0.0,1.0,0.0,0.5
1.0,0.6666666666666666,0.0,1.0,0.0,1.0,0.0,0.1429
1.0,0.6666666666666666,0.14285714285714285,0.0,0.0,1.0,0.0,0.5
1.0,0.6666666666666666,0.14285714285714285,1.0,0.0,1.0,0.0,0.1429
1.0,0.6666666666666666,0.42857142857142855,0.0,0.0,1.0,0.0,0.5
1.0,0.6666666666666666,0.42857142857142855,1.0,0.0,1.0,0.0,0.4286
1.0,0.6666666666666666,1.0,0.0,0.0,1.0,0.0,0.5
1.0,0.6666666666666666,1.0,1.0,0.0,1.0,0.0,0.5
1.0,1.0,0.0,0.0,0.0,1.0,0.0,0.5
1.0,1.0,0.0,1.0,0.0,1.0,0.0,0.5
1.0,1.0,0.14285714285714285,0.0,0.0,1.0,0.0,0.5
1.0,1.0,0.14285714285714285,1.0,0.0,1.0,0.0,0.5
1.0,1.0,0.42857142857142855,0.0,0.0,1.0,0.0,0.5
1.0,1.0,0.42857142857142855,1.0,0.0,1.0,0.0,0.2143
1.0,1.0,1.0,0.0,0.0,1.0,0.0,0.5
1.0,1.0,1.0,1.0,0.0,1.0,0.0,0.5
0.0,0.0,0.0,0.0,0.0,0.0,1.0,0.6429
0.0,0.0,0.0,1.0,0.0,0.0,1.0,0.6429
0.0,0.0,0.14285714285714285,0.0,0.0,0.0,1.0,0.7857
0.0,0.0,0.14285714285714285,1.0,0.0,0.0,1.0,0.8571
0.0,0.0,0.42857142857142855,0.0,0.0,0.0,1.0,1.0
0.0,0.0,0.42857142857142855,1.0,0.0,0.0,1.0,1.0
0.0,0.0,1.0,0.0,0.0,0.0,1.0,1.0
0.0,0.0,1.0,1.0,0.0,0.0,1.0,0.9286
0.0,0.3333333333333333,0.0,0.0,0.0,0.0,1.0,0.8571
0.0,0.3333333333333333,0.0,1.0,0.0,0.0,1.0,0.7143
0.0,0.3333333333333333,0.14285714285714285,0.0,0.0,0.0,1.0,0.9286
0.0,0.3333333333333333,0.14285714285714285,1.0,0.0,0.0,1.0,0.7857
0.0,0.3333333333333333,0.42857142857142855,0.0,0.0,0.0,1.0,1.0
0.0,0.3333333333333333,0.42857142857142855,1.0,0.0,0.0,1.0,0.9286
0.0,0.3333333333333333,1.0,0.0,0.0,0.0,1.0,0.9286
0.0,0.3333333333333333,1.0,1.0,0.0,0.0,1.0,0.9286
0.0,0.6666666666666666,0.0,0.0,0.0,0.0,1.0,0.7143
0.0,0.6666666666666666,0.0,1.0,0.0,0.0,1.0,0.7857
0.0,0.6666666666666666,0.14285714285714285,0.0,0.0,0.0,1.0,1.0
0.0,0.6666666666666666,0.14285714285714285,1.0,0.0,0.0,1.0,1.0
0.0,0.6666666666666666,0.42857142857142855,0.0,0.0,0.0,1.0,1.0
0.0,0.6666666666666666,0.42857142857142855,1.0,0.0,0.0,1.0,1.0
0.0,0.6666666666666666,1.0,0.0,0.0,0.0,1.0,1.0
0.0,0.6666666666666666,1.0,1.0,0.0,0.0,1.0,0.9286
0.0,1.0,0.0,0.0,0.0,0.0,1.0,0.7857
0.0,1.0,0.0,1.0,0.0,0.0,1.0,0.8571
0.0,1.0,0.14285714285714285,0.0,0.0,0.0,1.0,1.0
0.0,1.0,0.14285714285714285,1.0,0.0,0.0,1.0,0.7857
0.0,1.0,0.42857142857142855,0.0,0.0,0.0,1.0,0.9286
0.0,1.0,0.42857142857142855,1.0,0.0,0.0,1.0,1.0
0.0,1.0,1.0,0.0,0.0,0.0,1.0,0.9286
0.0,1.0,1.0,1.0,0.0,0.0,1.0,0.9286
0.4,0.0,0.0,0.0,0.0,0.0,1.0,0.2857
0.4,0.0,0.0,1.0,0.0,0.0,1.0,0.6429
0.4,0.0,0.14285714285714285,0.0,0.0,0.0,1.0,0.7857
0.4,0.0,0.14285714285714285,1.0,0.0,0.0,1.0,0.7143
0.4,0.0,0.42857142857142855,0.0,0.0,0.0,1.0,0.9286
0.4,0.0,0.42857142857142855,1.0,0.0,0.0,1.0,0.9286
0.4,0.0,1.0,0.0,0.0,0.0,1.0,1.0
0.4,0.0,1.0,1.0,0.0,0.0,1.0,1.0
0.4,0.3333333333333333,0.0,0.0,0.0,0.0,1.0,0.9286
0.4,0.3333333333333333,0.0,1.0,0.0,0.0,1.0,0.6429
0.4,0.3333333333333333,0.14285714285714285,0.0,0.0,0.0,1.0,0.8571
0.4,0.3333333333333333,0.14285714285714285,1.0,0.0,0.0,1.0,0.7857
0.4,0.3333333333333333,0.42857142857142855,0.0,0.0,0.0,1.0,1.0
0.4,0.3333333333333333,0.42857142857142855,1.0,0.0,0.0,1.0,1.0
0.4,0.3333333333333333,1.0,0.0,0.0,0.0,1.0,1.0
0.4,0.3333333333333333,1.0,1.0,0.0,0.0,1.0,1.0
0.4,0.6666666666666666,0.0,0.0,0.0,0.0,1.0,0.5714
0.4,0.6666666666666666,0.0,1.0,0.0,0.0,1.0,0.5
0.4,0.6666666666666666,0.14285714285714285,0.0,0.0,0.0,1.0,0.7857
0.4,0.6666666666666666,0.14285714285714285,1.0,0.0,0.0,1.0,0.6429
0.4,0.6666666666666666,0.42857142857142855,0.0,0.0,0.0,1.0,1.0
0.4,0.6666666666666666,0.42857142857142855,1.0,0.0,0.0,1.0,0.9286
0.4,0.6666666666666666,1.0,0.0,0.0,0.0,1.0,1.0
0.4,0.6666666666666666,1.0,1.0,0.0,0.0,1.0,1.0
0.4,1.0,0.0,0.0,0.0,0.0,1.0,0.6429
0.4,1.0,0.0,1.0,0.0,0.0,1.0,0.5714
0.4,1.0,0.14285714285714285,0.0,0.0,0.0,1.0,0.8571
0.4,1.0,0.14285714285714285,1.0,0.0,0.0,1.0,0.5714
0.4,1.0,0.42857142857142855,0.0,0.0,0.0,1.0,0.8571
0.4,1.0,0.42857142857142855,1.0,0.0,0.0,1.0,0.8571
0.4,1.0,1.0,0.0,0.0,0.0,1.0,0.9286
0.4,1.0,1.0,1.0,0.0,0.0,1.0,1.0
1.0,0.0,0.0,0.0,0.0,0.0,1.0,0.3571
1.0,0.0,0.0,1.0,0.0,0.0,1.0,0.6429
1.0,0.0,0.14285714285714285,0.0,0.0,0.0,1.0,0.6429
1.0,0.0,0.14285714285714285,1.0,0.0,0.0,1.0,0.7857
1.0,0.0,0.42857142857142855,0.0,0.0,0.0,1.0,0.7857
1.0,0.0,0.42857142857142855,1.0,0.0,0.0,1.0,0.9286
1.0,0.0,1.0,0.0,0.0,0.0,1.0,1.0
1.0,0.0,1.0,1.0,0.0,0.0,1.0,1.0
1.0,0.3333333333333333,0.0,0.0,0.0,0.0,1.0,0.7857
1.0,0.3333333333333333,0.0,1.0,0.0,0.0,1.0,0.2143
1.0,0.3333333333333333,0.14285714285714285,0.0,0.0,0.0,1.0,0.5
1.0,0.3333333333333333,0.14285714285714285,1.0,0.0,0.0,1.0,0.5714
1.0,0.3333333333333333,0.42857142857142855,0.0,0.0,0.0,1.0,0.8571
1.0,0.3333333333333333,0.42857142857142855,1.0,0.0,0.0,1.0,0.9286
1.0,0.3333333333333333,1.0,0.0,0.0,0.0,1.0,1.0
1.0,0.3333333333333333,1.0,1.0,0.0,0.0,1.0,0.9286
1.0,0.6666666666666666,0.0,0.0,0.0,0.0,1.0,0.0714
1.0,0.6666666666666666,0.0,1.0,0.0,0.0,1.0,0.2143
1.0,0.6666666666666666,0.14285714285714285,0.0,0.0,0.0,1.0,0.0
1.0,0.6666666666666666,0.14285714285714285,1.0,0.0,0.0,1.0,0.5714
1.0,0.6666666666666666,0.42857142857142855,0.0,0.0,0.0,1.0,0.5714
1.0,0.6666666666666666,0.42857142857142855,1.0,0.0,0.0,1.0,0.6429
1.0,0.6666666666666666,1.0,0.0,0.0,0.0,1.0,0.7143
1.0,0.6666666666666666,1.0,1.0,0.0,0.0,1.0,0.7857
1.0,1.0,0.0,0.0,0.0,0.0,1.0,0.5714
1.0,1.0,0.0,1.0,0.0,0.0,1.0,0.5
1.0,1.0,0.14285714285714285,0.0,0.0,0.0,1.0,0.2857
1.0,1.0,0.14285714285714285,1.0,0.0,0.0,1.0,0.4286
1.0,1.0,0.42857142857142855,0.0,0.0,0.0,1.0,0.5714
1.0,1.0,0.42857142857142855,1.0,0.0,0.0,1.0,0.7143
1.0,1.0,1.0,0.0,0.0,0.0,1.0,0.5714
1.0,1.0,1.0,1.0,0.0,0.0,1.0,0.6429
